3 0.15546875 0.82578125 0.17421875 0.1484375
5 0.3171875 0.7859375 0.165625 0.2265625
5 0.38515625 0.68671875 0.1109375 0.15
5 0.3125 0.61875 0.07890625 0.11953125
3 0.41875 0.65078125 0.075 0.07421875
5 0.44453125 0.5546875 0.06171875 0.09921875
3 0.63125 0.6125 0.06015625 0.0609375
1 0.63125 0.55703125 0.0640625 0.084375
1 0.753125 0.5875 0.0734375 0.15859375
3 0.69375 0.5859375 0.046875 0.05234375
5 0.6546875 0.634375 0.07421875 0.11875
3 0.84296875 0.72109375 0.13984375 0.1078125
6 0.67734375 0.6890625 0.1140625 0.16171875
5 0.746875 0.7671875 0.1359375 0.2203125
6 0.92890625 0.784375 0.1421875 0.28125
1 0.92578125 0.5453125 0.05 0.1265625
6 0.86328125 0.5640625 0.07890625 0.1046875