5 0.215625 0.59609375 0.17890625 0.23828125
5 0.29375 0.5140625 0.10078125 0.128125
5 0.35546875 0.415625 0.0703125 0.11796875
3 0.33046875 0.4953125 0.0890625 0.08046875
6 0.82578125 0.575 0.15078125 0.27421875
6 0.5828125 0.5140625 0.1 0.1546875
2 0.66484375 0.58125 0.1578125 0.22265625
2 0.73203125 0.5140625 0.096875 0.16171875
2 0.67890625 0.46484375 0.0765625 0.10390625
2 0.6390625 0.43125 0.0609375 0.0875
5 0.765625 0.40390625 0.07421875 0.08515625
6 0.83125 0.40390625 0.07109375 0.08828125
5 0.88828125 0.4453125 0.0828125 0.10703125