2 0.67265625 0.58125 0.18984375 0.221875
6 0.8671875 0.58046875 0.1953125 0.26875
2 0.75546875 0.52265625 0.08828125 0.13203125
6 0.59921875 0.51796875 0.0875 0.12890625
2 0.70390625 0.46328125 0.07734375 0.09609375
2 0.653125 0.43125 0.0546875 0.07890625
5 0.2265625 0.58203125 0.16484375 0.21953125
5 0.3046875 0.5125 0.10078125 0.13046875
3 0.3421875 0.490625 0.07890625 0.075
5 0.3671875 0.41953125 0.08671875 0.08046875
5 0.78125 0.41171875 0.07421875 0.09375
6 0.85078125 0.4078125 0.06796875 0.07734375
5 0.90859375 0.44765625 0.08203125 0.10859375