5 0.240625 0.7921875 0.1546875 0.265625
3 0.109375 0.82421875 0.14140625 0.1703125
5 0.25 0.603125 0.07734375 0.11640625
3 0.375 0.6578125 0.08984375 0.11484375
5 0.33828125 0.69296875 0.09296875 0.13515625
6 0.79140625 0.54921875 0.0921875 0.12109375
1 0.66875 0.5625 0.10078125 0.10703125
1 0.56015625 0.55859375 0.0828125 0.06796875
6 0.61875 0.69296875 0.10703125 0.15859375
6 0.89296875 0.78828125 0.15859375 0.27265625
5 0.925 0.61796875 0.10546875 0.1203125
1 0.8578125 0.54609375 0.084375 0.1390625
1 0.9859375 0.54765625 0.028125 0.17421875