5 0.24140625 0.58046875 0.14921875 0.22578125
5 0.23515625 0.4546875 0.0703125 0.096875
5 0.3171875 0.51171875 0.0953125 0.1375
5 0.371875 0.40546875 0.06328125 0.078125
3 0.35703125 0.490625 0.0765625 0.07265625
6 0.61328125 0.51015625 0.09765625 0.1390625
2 0.66640625 0.43203125 0.0671875 0.078125
2 0.715625 0.459375 0.0703125 0.10859375
2 0.77421875 0.51640625 0.09921875 0.14609375
6 0.87265625 0.57265625 0.16328125 0.26640625
5 0.79609375 0.403125 0.07265625 0.084375
6 0.8625 0.3984375 0.059375 0.07890625