1 0.153125 0.46875 0.1140625 0.16640625
5 0.09921875 0.54296875 0.08671875 0.140625
1 0.04921875 0.46015625 0.08984375 0.14921875
1 0.265625 0.54296875 0.10625 0.30703125
1 0.33359375 0.4734375 0.10546875 0.1421875
3 0.42890625 0.64765625 0.17109375 0.14609375
1 0.44921875 0.4953125 0.0953125 0.13125
3 0.6328125 0.5109375 0.1015625 0.09140625
3 0.684375 0.53515625 0.0796875 0.0625
2 0.746875 0.54921875 0.090625 0.10078125
6 0.86484375 0.553125 0.09453125 0.11328125
5 0.8296875 0.61953125 0.128125 0.12109375