3 0.31640625 0.50078125 0.09921875 0.0875
5 0.33984375 0.41328125 0.09453125 0.09375
2 0.64921875 0.59765625 0.14296875 0.19375
6 0.57734375 0.52890625 0.1046875 0.134375
2 0.81484375 0.5890625 0.16328125 0.24765625
2 0.6625 0.471875 0.06640625 0.10546875
2 0.61953125 0.43984375 0.0640625 0.071875
5 0.74453125 0.4109375 0.07265625 0.0703125
6 0.81171875 0.40703125 0.0640625 0.07265625
5 0.8734375 0.44609375 0.07109375 0.09609375
2 0.96015625 0.50390625 0.0796875 0.13671875
5 0.18515625 0.6046875 0.1578125 0.21015625