6 0.18046875 0.81640625 0.21875 0.25390625
2 0.17578125 0.61875 0.1296875 0.16171875
6 0.3359375 0.615625 0.10703125 0.1484375
3 0.12265625 0.5671875 0.06796875 0.07890625
2 0.278125 0.53203125 0.10703125 0.0984375
5 0.27421875 0.43828125 0.06328125 0.084375
2 0.3609375 0.44375 0.075 0.07109375
1 0.49765625 0.4953125 0.08984375 0.125
5 0.59921875 0.49453125 0.08359375 0.0953125
3 0.609375 0.603125 0.121875 0.0953125
6 0.74375 0.56328125 0.11015625 0.128125
2 0.853125 0.66328125 0.12265625 0.1734375