1 0.11796875 0.671875 0.16953125 0.215625
5 0.33125 0.68515625 0.1390625 0.15234375
1 0.503125 0.48359375 0.08828125 0.14921875
3 0.8796875 0.66171875 0.16640625 0.09140625
5 0.6109375 0.51328125 0.0828125 0.08671875
3 0.753125 0.58671875 0.11328125 0.0734375
3 0.59453125 0.60078125 0.11484375 0.0828125
1 0.6953125 0.6328125 0.11796875 0.16484375
3 0.45078125 0.5015625 0.05703125 0.06015625
2 0.2640625 0.5375 0.0890625 0.11328125
5 0.16484375 0.50703125 0.08359375 0.0859375
2 0.275 0.496875 0.0984375 0.0859375