1 0.54765625 0.5453125 0.05703125 0.1078125
1 0.21953125 0.7875 0.1375 0.21171875
1 0.51015625 0.5796875 0.07109375 0.1359375
6 0.2390625 0.640625 0.08671875 0.12890625
6 0.68828125 0.8 0.12109375 0.17578125
5 0.56171875 0.66875 0.08359375 0.128125
5 0.34375 0.63515625 0.08984375 0.11796875
5 0.60078125 0.61328125 0.0515625 0.08671875
3 0.28203125 0.74296875 0.07890625 0.08515625
5 0.3828125 0.7859375 0.10859375 0.1671875
5 0.32578125 0.58359375 0.0625 0.08125
5 0.35625 0.71328125 0.0828125 0.1109375
2 0.78125 0.753125 0.09921875 0.15078125