5 0.1015625 0.709375 0.140625 0.2578125
5 0.31484375 0.66015625 0.17578125 0.265625
2 0.165625 0.5015625 0.09609375 0.165625
6 0.25546875 0.50234375 0.10546875 0.14453125
6 0.08984375 0.6015625 0.178125 0.20078125
5 0.54375 0.50625 0.0796875 0.12734375
3 0.47890625 0.4890625 0.08046875 0.08046875
5 0.4859375 0.40859375 0.071875 0.1109375
5 0.55234375 0.43984375 0.06875 0.103125
1 0.65625 0.51875 0.10625 0.1890625
1 0.69140625 0.40703125 0.06171875 0.1609375
3 0.62109375 0.42421875 0.0640625 0.0984375
3 0.74765625 0.3875 0.059375 0.13125