1 0.33046875 0.5234375 0.121875 0.18515625
2 0.1875 0.59296875 0.11640625 0.15625
6 0.40546875 0.7328125 0.16953125 0.21328125
3 0.725 0.6796875 0.17578125 0.115625
2 0.51796875 0.49921875 0.0875 0.1046875
2 0.8828125 0.65390625 0.15625 0.1640625
5 0.37109375 0.42421875 0.06640625 0.07734375
6 0.29921875 0.421875 0.07578125 0.10390625
3 0.16796875 0.77265625 0.24765625 0.12734375
1 0.621875 0.46015625 0.07734375 0.1203125
2 0.45234375 0.4390625 0.08359375 0.09765625
2 0.25546875 0.49921875 0.065625 0.11953125
2 0.603125 0.54765625 0.12890625 0.1453125