1 0.13984375 0.4515625 0.1046875 0.1578125
1 0.271875 0.4140625 0.09765625 0.1140625
1 0.58671875 0.4078125 0.078125 0.1140625
1 0.7640625 0.503125 0.1140625 0.1734375
2 0.34296875 0.75078125 0.1921875 0.20078125
2 0.31953125 0.59765625 0.1765625 0.13515625
6 0.10625 0.7609375 0.21171875 0.2125
6 0.5375 0.48046875 0.10234375 0.12578125
6 0.928125 0.6390625 0.14296875 0.2015625
2 0.6828125 0.475 0.11015625 0.1
3 0.4796875 0.46328125 0.0796875 0.090625
3 0.75703125 0.72421875 0.21171875 0.20390625