5 0.3234375 0.434375 0.0625 0.09453125
2 0.3921875 0.44921875 0.059375 0.1109375
3 0.21171875 0.54609375 0.1296875 0.13515625
2 0.27265625 0.62109375 0.09375 0.171875
2 0.32734375 0.5390625 0.10546875 0.115625
6 0.38515625 0.61171875 0.09140625 0.19609375
6 0.24765625 0.821875 0.1359375 0.2328125
1 0.503125 0.50859375 0.07734375 0.1765625
5 0.57734375 0.49296875 0.06171875 0.12421875
3 0.5609375 0.6 0.08828125 0.10546875
6 0.6953125 0.54609375 0.1046875 0.196875
2 0.796875 0.64921875 0.12265625 0.20859375