5 0.15859375 0.7 0.16953125 0.15
5 0.51171875 0.59921875 0.10078125 0.1390625
5 0.31328125 0.68203125 0.1265625 0.1515625
3 0.6203125 0.715625 0.1046875 0.13515625
1 0.59140625 0.53984375 0.04609375 0.12421875
3 0.23125 0.6421875 0.0890625 0.08359375
1 0.09765625 0.58203125 0.1203125 0.22421875
5 0.740625 0.55625 0.06875 0.09609375
5 0.49609375 0.61875 0.08671875 0.175
1 0.65078125 0.60859375 0.0609375 0.0984375
3 0.6203125 0.771875 0.1046875 0.2484375
3 0.5734375 0.62109375 0.07578125 0.065625
1 0.03671875 0.67109375 0.0734375 0.2671875
1 0.80703125 0.5875 0.07890625 0.1984375
2 0.8125 0.56875 0.08984375 0.17578125
5 0.1765625 0.5703125 0.08125 0.128125
3 0.41875 0.6109375 0.09453125 0.13828125
1 0.46171875 0.5515625 0.0640625 0.125
3 0.9 0.6046875 0.0921875 0.14140625
1 0.68359375 0.5640625 0.0390625 0.0890625