6 0.40234375 0.5640625 0.11015625 0.1984375
6 0.2828125 0.46015625 0.1328125 0.1453125
1 0.27578125 0.33828125 0.090625 0.15625
1 0.365625 0.35390625 0.06328125 0.07734375
3 0.234375 0.58515625 0.1875 0.11953125
3 0.390625 0.478125 0.10234375 0.0734375
3 0.5125 0.38828125 0.0640625 0.0765625
3 0.559375 0.42109375 0.07578125 0.06953125
3 0.5921875 0.38515625 0.0703125 0.06640625
5 0.60703125 0.46015625 0.0921875 0.1078125
3 0.6796875 0.5390625 0.096875 0.11015625
2 0.71484375 0.4296875 0.1015625 0.11484375
6 0.6515625 0.3984375 0.08203125 0.10390625
1 0.8 0.4625 0.115625 0.190625