5 0.090625 0.715625 0.175 0.3203125
5 0.31015625 0.6578125 0.146875 0.290625
5 0.5359375 0.50546875 0.09375 0.15234375
5 0.4875 0.409375 0.06171875 0.0953125
3 0.82578125 0.47109375 0.10234375 0.08984375
3 0.47734375 0.48515625 0.08359375 0.075
1 0.6625 0.53671875 0.103125 0.24921875
1 0.7453125 0.5125 0.0734375 0.190625
1 0.68984375 0.3890625 0.06328125 0.1296875
1 0.7484375 0.39296875 0.05625 0.12421875
3 0.6265625 0.42734375 0.065625 0.07578125
2 0.9453125 0.503125 0.109375 0.18828125
6 0.15859375 0.50546875 0.1 0.1375
6 0.2578125 0.49453125 0.11171875 0.12421875
6 0.109375 0.58046875 0.171875 0.2015625