1 0.375 0.45703125 0.03828125 0.1
3 0.23359375 0.55625 0.13671875 0.08984375
3 0.5109375 0.503125 0.06796875 0.06171875
3 0.48671875 0.54453125 0.07109375 0.06640625
2 0.45625 0.48515625 0.04609375 0.053125
6 0.4234375 0.51953125 0.0515625 0.06796875
5 0.7234375 0.6015625 0.121875 0.1140625
5 0.846875 0.60078125 0.140625 0.13828125
5 0.68828125 0.5171875 0.0671875 0.075
6 0.76171875 0.528125 0.06015625 0.084375
1 0.70078125 0.43515625 0.04453125 0.08046875
5 0.43984375 0.5828125 0.08984375 0.128125
1 0.3625 0.53671875 0.08828125 0.18828125