5 0.2421875 0.8109375 0.1875 0.2578125
6 0.45078125 0.809375 0.17890625 0.28984375
5 0.2421875 0.63984375 0.13828125 0.2171875
1 0.4015625 0.59453125 0.13046875 0.25859375
5 0.246875 0.5125 0.10078125 0.13125
1 0.3421875 0.47109375 0.0828125 0.1578125
1 0.57421875 0.4421875 0.0875 0.22734375
2 0.6265625 0.55078125 0.109375 0.146875
5 0.68125 0.48203125 0.08671875 0.128125
2 0.77265625 0.5453125 0.0921875 0.15390625
5 0.71015625 0.60703125 0.11640625 0.18359375
5 0.86484375 0.5953125 0.10703125 0.16015625
1 0.859375 0.75078125 0.20703125 0.25859375