5 0.74921875 0.55703125 0.09375 0.15078125
1 0.6390625 0.5703125 0.11875 0.175
2 0.68046875 0.45234375 0.09609375 0.14453125
5 0.5578125 0.4609375 0.07109375 0.1296875
1 0.56953125 0.36484375 0.0734375 0.13671875
2 0.50078125 0.41328125 0.08203125 0.1203125
2 0.3890625 0.34140625 0.06953125 0.08125
5 0.32421875 0.325 0.06796875 0.09609375
5 0.32421875 0.4234375 0.08515625 0.10390625
5 0.23984375 0.4734375 0.09375 0.1359375
5 0.371875 0.49140625 0.096875 0.13203125
2 0.26015625 0.64296875 0.13515625 0.2234375
6 0.4125 0.6328125 0.1375 0.228125