1 0.47578125 0.3828125 0.05078125 0.1265625
5 0.35546875 0.66875 0.15 0.20703125
5 0.35703125 0.4953125 0.11171875 0.11328125
5 0.21640625 0.5359375 0.12109375 0.15390625
5 0.5328125 0.4171875 0.075 0.0828125
5 0.72265625 0.6984375 0.1859375 0.1875
2 0.7421875 0.4953125 0.10703125 0.11875
2 0.91640625 0.71171875 0.15390625 0.215625
5 0.15859375 0.69609375 0.16015625 0.196875
3 0.3671875 0.60234375 0.1453125 0.08125
2 0.59921875 0.5046875 0.09921875 0.1203125
3 0.40703125 0.43046875 0.0859375 0.059375