5 0.3984375 0.7515625 0.128125 0.1546875
2 0.25 0.753125 0.115625 0.20859375
2 0.275 0.65390625 0.08203125 0.1375
5 0.384375 0.63828125 0.0921875 0.12421875
5 0.25703125 0.54609375 0.078125 0.11875
2 0.35703125 0.55625 0.0625 0.09140625
6 0.49609375 0.49140625 0.06875 0.146875
5 0.54453125 0.53125 0.06875 0.1046875
3 0.63125 0.56875 0.1 0.08359375
3 0.58359375 0.646875 0.08671875 0.1046875
5 0.70390625 0.59296875 0.115625 0.16875
5 0.6421875 0.7015625 0.0828125 0.16875
3 0.7796875 0.7375 0.16640625 0.11171875