6 0.7875 0.58359375 0.1453125 0.1375
1 0.54609375 0.4859375 0.0875 0.13359375
6 0.340625 0.6140625 0.1484375 0.14609375
1 0.23203125 0.46796875 0.08828125 0.1
3 0.7109375 0.721875 0.14609375 0.10234375
3 0.653125 0.6140625 0.14765625 0.08359375
5 0.909375 0.68125 0.15859375 0.15078125
3 0.67734375 0.53125 0.121875 0.05703125
2 0.37421875 0.77890625 0.2015625 0.1890625
3 0.11328125 0.79921875 0.2265625 0.1390625
5 0.1734375 0.61875 0.16953125 0.16328125
6 0.61015625 0.4703125 0.06953125 0.1
3 0.33828125 0.503125 0.10859375 0.0640625