1 0.365625 0.509375 0.07890625 0.125
3 0.6609375 0.71796875 0.109375 0.09765625
1 0.29296875 0.4671875 0.0703125 0.096875
6 0.715625 0.58359375 0.11484375 0.1328125
1 0.5359375 0.48046875 0.06953125 0.140625
3 0.615625 0.6109375 0.11328125 0.07890625
5 0.26875 0.51953125 0.075 0.10234375
3 0.63671875 0.52734375 0.09453125 0.059375
5 0.81328125 0.6765625 0.12421875 0.153125
5 0.24609375 0.6171875 0.1296875 0.15078125
6 0.3796875 0.60703125 0.11640625 0.146875
6 0.584375 0.46953125 0.0609375 0.10078125
2 0.4078125 0.75859375 0.15390625 0.19453125
3 0.20546875 0.8 0.1859375 0.153125