5 0.13203125 0.59609375 0.14921875 0.16015625
6 0.225 0.67421875 0.1640625 0.1609375
6 0.36015625 0.56171875 0.15703125 0.1046875
5 0.46171875 0.48125 0.08671875 0.09765625
5 0.375 0.45546875 0.0640625 0.09453125
3 0.43515625 0.434375 0.06015625 0.059375
3 0.54375 0.45078125 0.0921875 0.071875
1 0.8453125 0.40703125 0.165625 0.13359375
5 0.72734375 0.48046875 0.1296875 0.121875
3 0.678125 0.62109375 0.1625 0.1046875
1 0.58515625 0.67109375 0.1796875 0.1984375
1 0.8359375 0.71640625 0.1890625 0.22421875