1 0.64296875 0.5546875 0.1140625 0.17578125
2 0.3375 0.5375 0.08671875 0.1078125
6 0.9234375 0.71640625 0.153125 0.1875
5 0.37578125 0.746875 0.146875 0.1671875
5 0.696875 0.6890625 0.12265625 0.18671875
2 0.1609375 0.74296875 0.19375 0.2296875
6 0.5265625 0.47890625 0.07421875 0.0953125
2 0.35859375 0.49140625 0.0859375 0.08203125
3 0.35859375 0.6484375 0.11640625 0.0796875
2 0.19453125 0.53671875 0.10078125 0.12578125
3 0.24453125 0.5171875 0.06796875 0.06171875
3 0.5765625 0.5609375 0.0984375 0.071875