1 0.340625 0.44296875 0.06953125 0.07578125
3 0.2515625 0.484375 0.08359375 0.0609375
5 0.32890625 0.5 0.06640625 0.07890625
6 0.36328125 0.55703125 0.084375 0.121875
3 0.20625 0.53046875 0.1171875 0.0609375
5 0.221875 0.57265625 0.134375 0.1140625
6 0.3890625 0.69296875 0.1484375 0.20703125
1 0.5296875 0.421875 0.0640625 0.08515625
1 0.528125 0.4578125 0.075 0.109375
5 0.62578125 0.48359375 0.06953125 0.0765625
1 0.73515625 0.50234375 0.1109375 0.12421875
3 0.61015625 0.57109375 0.08984375 0.06796875
2 0.67734375 0.63515625 0.11015625 0.17265625
6 0.828125 0.62265625 0.115625 0.14765625