5 0.1046875 0.49609375 0.10625 0.22265625
5 0.17734375 0.53984375 0.1328125 0.23125
5 0.2265625 0.4546875 0.09375 0.17265625
5 0.29140625 0.51171875 0.1 0.17890625
6 0.31953125 0.66171875 0.19375 0.2671875
6 0.4875 0.61484375 0.19453125 0.2609375
6 0.4140625 0.428125 0.09140625 0.15078125
6 0.48515625 0.4078125 0.065625 0.10390625
3 0.52421875 0.47734375 0.10859375 0.11015625
2 0.5953125 0.4421875 0.08671875 0.1265625
1 0.721875 0.35625 0.0484375 0.11640625
5 0.7140625 0.39609375 0.0875 0.0953125
5 0.54453125 0.353125 0.0515625 0.09296875
3 0.840625 0.4578125 0.128125 0.09765625
5 0.896875 0.41328125 0.06328125 0.0953125
2 0.740625 0.4828125 0.13984375 0.1265625
2 0.66015625 0.51796875 0.1125 0.16015625