1 0.21015625 0.61015625 0.14296875 0.2234375
2 0.31171875 0.69609375 0.21953125 0.2578125
2 0.546875 0.715625 0.15078125 0.29921875
2 0.71640625 0.76171875 0.20546875 0.303125
1 0.75546875 0.5765625 0.16484375 0.284375
1 0.653125 0.4703125 0.11796875 0.24140625
1 0.7109375 0.3859375 0.11015625 0.16875
1 0.53046875 0.4453125 0.08828125 0.1984375
5 0.47109375 0.48515625 0.10546875 0.153125
3 0.44296875 0.4359375 0.0875 0.1078125
5 0.321875 0.52890625 0.12265625 0.15390625
3 0.37109375 0.48671875 0.0921875 0.08203125
2 0.415625 0.5609375 0.134375 0.178125
3 0.6203125 0.6015625 0.1375 0.15078125