6 0.2390625 0.68046875 0.20078125 0.25546875
5 0.2265625 0.49765625 0.07109375 0.11875
2 0.62421875 0.6328125 0.1125 0.275
5 0.2796875 0.5421875 0.0859375 0.14296875
3 0.859375 0.54296875 0.1484375 0.165625
3 0.50234375 0.58203125 0.0828125 0.21796875
6 0.39921875 0.62265625 0.14140625 0.2328125
5 0.71953125 0.4453125 0.08515625 0.1234375
5 0.57890625 0.41171875 0.03828125 0.07109375
5 0.14765625 0.5671875 0.09609375 0.175
3 0.925 0.4765625 0.0609375 0.0484375
6 0.4359375 0.46171875 0.0734375 0.0890625
5 0.4890625 0.44921875 0.05625 0.08984375
2 0.71484375 0.53046875 0.10078125 0.12421875
5 0.1015625 0.51796875 0.05703125 0.1390625
6 0.59375 0.47890625 0.0625 0.09609375
1 0.5375 0.3921875 0.046875 0.103125
1 0.73984375 0.38828125 0.04765625 0.10703125