3 0.78671875 0.81796875 0.109375 0.1078125
3 0.26484375 0.6296875 0.07890625 0.0609375
5 0.5765625 0.69296875 0.10390625 0.14453125
1 0.61640625 0.6046875 0.07265625 0.13828125
2 0.66640625 0.825 0.13359375 0.1703125
3 0.575 0.60546875 0.05703125 0.0609375
2 0.190625 0.87265625 0.14765625 0.19921875
1 0.37265625 0.7703125 0.12421875 0.2890625
5 0.24609375 0.71640625 0.121875 0.15390625
2 0.3515625 0.590625 0.065625 0.075
6 0.49453125 0.58828125 0.0625 0.10078125
2 0.53203125 0.63125 0.07578125 0.125
2 0.68984375 0.7015625 0.10390625 0.121875