6 0.23203125 0.42890625 0.1140625 0.15625
6 0.1359375 0.534375 0.140625 0.2265625
5 0.203125 0.61015625 0.13515625 0.25390625
3 0.3 0.5203125 0.0984375 0.1609375
5 0.3953125 0.565625 0.140625 0.23515625
1 0.39375 0.33203125 0.09453125 0.14921875
3 0.41953125 0.41484375 0.09453125 0.10390625
5 0.5 0.4640625 0.08125 0.16015625
3 0.5609375 0.43984375 0.0734375 0.096875
1 0.63046875 0.46796875 0.08359375 0.17265625
1 0.67265625 0.4578125 0.06484375 0.16796875
1 0.57421875 0.3609375 0.05703125 0.146875
1 0.62265625 0.34296875 0.05703125 0.1421875
3 0.5140625 0.36953125 0.0453125 0.1125
5 0.54609375 0.34765625 0.0234375 0.07109375
3 0.71328125 0.4234375 0.06953125 0.09296875
5 0.7546875 0.40078125 0.0484375 0.08515625
2 0.8375 0.43671875 0.1375 0.16171875
2 0.87734375 0.42578125 0.06484375 0.14921875