1 0.14921875 0.58203125 0.17265625 0.178125
5 0.3375 0.6109375 0.12109375 0.16328125
5 0.265625 0.5078125 0.10546875 0.146875
1 0.4078125 0.52265625 0.121875 0.1734375
2 0.36484375 0.47734375 0.0921875 0.1265625
1 0.45078125 0.409375 0.12109375 0.1265625
3 0.5546875 0.465625 0.1140625 0.0984375
3 0.4859375 0.503125 0.1109375 0.1
2 0.64609375 0.69296875 0.14375 0.23125
2 0.81015625 0.715625 0.14609375 0.2578125
2 0.68671875 0.5640625 0.1125 0.171875
2 0.83671875 0.6 0.1140625 0.159375
1 0.72265625 0.4375 0.11953125 0.18046875
5 0.85 0.45078125 0.1109375 0.11640625