2 0.7703125 0.665625 0.14453125 0.17265625
5 0.64453125 0.68359375 0.10703125 0.17265625
6 0.66953125 0.54921875 0.11171875 0.1421875
2 0.5703125 0.578125 0.096875 0.14765625
3 0.325 0.55859375 0.09296875 0.09765625
3 0.3625 0.646875 0.103125 0.08359375
2 0.4265625 0.753125 0.165625 0.2265625
6 0.24765625 0.82265625 0.16796875 0.2484375
1 0.22265625 0.58359375 0.115625 0.21796875
3 0.38046875 0.44609375 0.06015625 0.0578125
2 0.31796875 0.43984375 0.08125 0.1046875
5 0.55859375 0.484375 0.08046875 0.0828125