2 0.271875 0.74453125 0.1671875 0.25390625
6 0.684375 0.65546875 0.128125 0.19609375
1 0.35546875 0.35546875 0.0671875 0.1390625
3 0.5328125 0.496875 0.084375 0.06796875
6 0.8109375 0.63046875 0.1375 0.16328125
5 0.6125 0.46875 0.084375 0.08671875
3 0.484375 0.440625 0.0703125 0.0671875
5 0.4078125 0.40234375 0.05390625 0.07109375
6 0.39453125 0.56640625 0.10703125 0.1515625
5 0.26484375 0.54296875 0.10859375 0.153125
3 0.59609375 0.5609375 0.1 0.08046875
3 0.43359375 0.715625 0.128125 0.1421875