3 0.41875 0.8 0.16015625 0.17734375
3 0.37265625 0.6609375 0.1265625 0.11953125
3 0.3328125 0.56484375 0.1078125 0.09375
3 0.384375 0.45703125 0.06875 0.06171875
3 0.65625 0.725 0.13671875 0.17421875
6 0.2484375 0.8296875 0.1796875 0.27578125
6 0.67734375 0.57109375 0.1078125 0.15
1 0.23359375 0.5828125 0.11328125 0.234375
1 0.55859375 0.578125 0.08671875 0.1890625
2 0.77578125 0.6796875 0.1265625 0.18828125
5 0.4828125 0.509375 0.0703125 0.1125
5 0.5609375 0.49765625 0.0640625 0.0890625
5 0.31171875 0.44296875 0.06640625 0.0921875