1 0.14296875 0.56953125 0.1 0.25625
1 0.4984375 0.55703125 0.06328125 0.14921875
1 0.615625 0.54765625 0.0609375 0.1515625
1 0.83984375 0.5890625 0.08046875 0.184375
6 0.07265625 0.6109375 0.0890625 0.15546875
5 0.20390625 0.58046875 0.08984375 0.1328125
5 0.2078125 0.7203125 0.14296875 0.175
5 0.3453125 0.690625 0.1328125 0.15859375
5 0.5421875 0.62578125 0.10625 0.16796875
3 0.44296875 0.62734375 0.10859375 0.096875
5 0.571875 0.5453125 0.05546875 0.07890625
1 0.68515625 0.6390625 0.07265625 0.14765625
1 0.7078125 0.5796875 0.053125 0.0984375
2 0.7765625 0.58046875 0.07265625 0.0953125
3 0.93359375 0.62734375 0.10859375 0.09609375
3 0.68046875 0.7234375 0.1828125 0.1390625