1 0.08203125 0.5609375 0.1125 0.221875
1 0.2328125 0.58984375 0.096875 0.1640625
1 0.2015625 0.70078125 0.10625 0.2390625
1 0.32421875 0.66171875 0.09140625 0.2203125
3 0.12109375 0.70859375 0.1140625 0.15859375
6 0.4359375 0.6234375 0.08984375 0.14296875
5 0.615625 0.62265625 0.0734375 0.109375
5 0.66484375 0.71484375 0.125 0.171875
6 0.76328125 0.67109375 0.0953125 0.1421875
3 0.56953125 0.5828125 0.0578125 0.071875
3 0.8015625 0.603125 0.08125 0.084375
5 0.94453125 0.6078125 0.09140625 0.09609375
3 0.609375 0.55234375 0.04609375 0.0546875
3 0.69296875 0.5859375 0.05390625 0.0640625