2 0.30703125 0.4140625 0.078125 0.09609375
5 0.1578125 0.50859375 0.12890625 0.10390625
2 0.27890625 0.4921875 0.08828125 0.12890625
3 0.159375 0.6046875 0.14296875 0.09453125
5 0.33203125 0.56015625 0.09921875 0.13203125
3 0.178125 0.771875 0.23984375 0.1265625
3 0.390625 0.7171875 0.1953125 0.1078125
3 0.725 0.67734375 0.17578125 0.09921875
6 0.8703125 0.64375 0.134375 0.165625
1 0.5921875 0.50546875 0.0890625 0.14140625
6 0.52890625 0.4921875 0.0796875 0.1234375
3 0.465625 0.46328125 0.075 0.071875