3 0.19375 0.73671875 0.21171875 0.2171875
3 0.36796875 0.5515625 0.134375 0.1265625
3 0.7171875 0.51328125 0.14765625 0.11171875
3 0.53828125 0.46171875 0.0875 0.115625
3 0.26015625 0.41875 0.08359375 0.06640625
3 0.2421875 0.46484375 0.0734375 0.0625
2 0.39296875 0.70546875 0.16484375 0.24765625
2 0.684375 0.6390625 0.12890625 0.23515625
2 0.5015625 0.3859375 0.06953125 0.1375
1 0.33359375 0.4296875 0.09296875 0.15546875
1 0.60625 0.46953125 0.1125 0.22109375
6 0.8109375 0.6125 0.15 0.20625
5 0.6296875 0.42265625 0.059375 0.11484375