1 0.3453125 0.41640625 0.1171875 0.2765625
1 0.19296875 0.38046875 0.11796875 0.23515625
1 0.79375 0.4078125 0.08203125 0.20546875
6 0.640625 0.42109375 0.125 0.16015625
6 0.56953125 0.3890625 0.065625 0.10703125
5 0.23671875 0.621875 0.221875 0.33046875
5 0.4375 0.5828125 0.21328125 0.33671875
5 0.746875 0.4828125 0.15234375 0.2375
5 0.5140625 0.37265625 0.05625 0.08203125
3 0.80234375 0.346875 0.05234375 0.05546875
5 0.94921875 0.3578125 0.09609375 0.08046875
5 0.871875 0.3828125 0.09453125 0.10625