5 0.3609375 0.7546875 0.15703125 0.16796875
5 0.540625 0.53828125 0.08203125 0.1046875
3 0.671875 0.57421875 0.12734375 0.06640625
2 0.13359375 0.76328125 0.18515625 0.2078125
5 0.171875 0.54765625 0.09921875 0.11640625
5 0.77265625 0.61328125 0.14140625 0.12890625
6 0.49453125 0.5 0.065625 0.09765625
5 0.684375 0.7140625 0.11953125 0.18125
2 0.3140625 0.5515625 0.0953125 0.10703125
5 0.325 0.63828125 0.13828125 0.12734375
3 0.61953125 0.64765625 0.0953125 0.0859375
5 0.9015625 0.75546875 0.16875 0.12421875
2 0.1609375 0.6546875 0.1703125 0.14140625