1 0.36875 0.45 0.09921875 0.10234375
3 0.2921875 0.49296875 0.0890625 0.09921875
3 0.225 0.5546875 0.10625 0.09375
5 0.371875 0.52890625 0.08515625 0.09375
2 0.27890625 0.61328125 0.09765625 0.1625
5 0.3609375 0.6046875 0.08515625 0.165625
6 0.39453125 0.778125 0.140625 0.2171875
2 0.2390625 0.73515625 0.065625 0.21015625
3 0.5765625 0.47890625 0.05078125 0.0515625
6 0.528125 0.5125 0.0578125 0.12109375
1 0.6203125 0.46015625 0.0765625 0.11328125
3 0.72890625 0.57890625 0.07734375 0.15390625
1 0.82109375 0.59609375 0.1546875 0.26328125
1 0.6625 0.62734375 0.11171875 0.19296875