6 0.715625 0.5875 0.115625 0.1375
1 0.25703125 0.56015625 0.13359375 0.2171875
5 0.81171875 0.68046875 0.1296875 0.153125
3 0.61171875 0.6125 0.11796875 0.08203125
1 0.57890625 0.4421875 0.07109375 0.109375
6 0.37890625 0.61484375 0.13046875 0.1484375
5 0.621875 0.5140625 0.07734375 0.08984375
3 0.3796875 0.50078125 0.09375 0.0625
2 0.2234375 0.81015625 0.14609375 0.23125
6 0.40390625 0.75078125 0.16953125 0.22734375
5 0.66171875 0.73125 0.1171875 0.16796875
2 0.5484375 0.515625 0.08125 0.12421875
5 0.27109375 0.51796875 0.06015625 0.12109375