3 0.1875 0.4703125 0.06328125 0.10703125
3 0.096875 0.46484375 0.07421875 0.07109375
1 0.034375 0.4453125 0.06875 0.15546875
3 0.0921875 0.51953125 0.090625 0.08515625
5 0.18515625 0.615625 0.12734375 0.19453125
1 0.296875 0.4875 0.10859375 0.228125
6 0.35234375 0.45703125 0.07578125 0.12734375
5 0.428125 0.46875 0.0734375 0.1390625
1 0.4625 0.39375 0.08828125 0.17421875
3 0.40078125 0.5703125 0.10546875 0.1171875
5 0.721875 0.42890625 0.0640625 0.103125
5 0.65390625 0.46640625 0.08125 0.10625
2 0.6953125 0.51484375 0.07890625 0.12890625
5 0.7859375 0.51484375 0.0921875 0.14375
6 0.721875 0.62421875 0.09296875 0.1515625
2 0.91953125 0.6109375 0.125 0.165625