1 0.16015625 0.4609375 0.08515625 0.13515625
1 0.2203125 0.4921875 0.0953125 0.17109375
3 0.2546875 0.4484375 0.08828125 0.0984375
5 0.3015625 0.55859375 0.08828125 0.134375
6 0.38203125 0.56875 0.1171875 0.1421875
5 0.48671875 0.52109375 0.08203125 0.12890625
2 0.409375 0.47421875 0.0796875 0.1296875
1 0.31015625 0.4359375 0.0921875 0.1140625
1 0.33515625 0.4 0.0453125 0.1046875
2 0.375 0.4296875 0.05703125 0.08203125
2 0.4640625 0.45234375 0.06796875 0.08125
5 0.859375 0.64296875 0.146875 0.2140625
2 0.72109375 0.5265625 0.090625 0.1109375
3 0.83515625 0.5453125 0.1140625 0.0796875
3 0.8296875 0.50703125 0.12265625 0.06015625
3 0.8203125 0.46484375 0.0890625 0.05
3 0.73671875 0.45546875 0.08671875 0.05