3 0.33671875 0.78515625 0.1953125 0.17578125
2 0.53984375 0.72265625 0.2640625 0.22890625
1 0.2390625 0.55390625 0.225 0.30546875
1 0.5203125 0.50234375 0.15078125 0.22109375
3 0.4046875 0.63828125 0.1734375 0.14140625
6 0.16796875 0.578125 0.125 0.16328125
3 0.7953125 0.709375 0.18125 0.1734375
5 0.8890625 0.6078125 0.13515625 0.14375
6 0.9265625 0.54375 0.13125 0.12265625
6 0.6890625 0.5359375 0.03828125 0.07890625
2 0.73359375 0.5703125 0.14375 0.13671875
6 0.92890625 0.7328125 0.1421875 0.2453125