6 0.08203125 0.48203125 0.1140625 0.1578125
6 0.12421875 0.56171875 0.11171875 0.20234375
6 0.23125 0.4765625 0.11171875 0.17578125
5 0.196875 0.640625 0.1609375 0.23671875
5 0.27578125 0.5625 0.10703125 0.14609375
5 0.3703125 0.59140625 0.14296875 0.22578125
1 0.36796875 0.3828125 0.0984375 0.1453125
3 0.39921875 0.46328125 0.08203125 0.07734375
5 0.44296875 0.42265625 0.0390625 0.1109375
3 0.4984375 0.41640625 0.05390625 0.07890625
3 0.52578125 0.396875 0.0375 0.07890625
1 0.571875 0.390625 0.06015625 0.115625
1 0.60390625 0.3796875 0.0484375 0.14765625
5 0.4765625 0.5 0.0828125 0.15390625
3 0.54609375 0.48984375 0.07265625 0.08515625
1 0.61171875 0.48359375 0.0859375 0.15703125
1 0.65625 0.4890625 0.06640625 0.15546875
3 0.69453125 0.4515625 0.065625 0.075
5 0.73125 0.43046875 0.05859375 0.09140625
2 0.81484375 0.45 0.146875 0.14375
2 0.84609375 0.43984375 0.0859375 0.1515625