1 0.07734375 0.64375 0.15390625 0.33828125
1 0.5734375 0.72890625 0.165625 0.28046875
1 0.65234375 0.49140625 0.115625 0.17109375
1 0.665625 0.415625 0.08828125 0.13359375
1 0.790625 0.51875 0.128125 0.16796875
5 0.2265625 0.68984375 0.14140625 0.2265625
5 0.403125 0.52890625 0.09453125 0.1484375
5 0.4546875 0.48828125 0.08671875 0.12421875
3 0.1546875 0.63046875 0.09765625 0.1171875
3 0.3453125 0.496875 0.0578125 0.0703125
2 0.27734375 0.50703125 0.11640625 0.18828125
6 0.7828125 0.82109375 0.18203125 0.23203125