2 0.8625 0.65703125 0.146875 0.1515625
5 0.73125 0.65546875 0.1171875 0.14921875
5 0.696875 0.56796875 0.07109375 0.071875
6 0.784375 0.575 0.0703125 0.09609375
1 0.375 0.58125 0.08046875 0.18125
6 0.4390625 0.56484375 0.053125 0.07421875
3 0.5140625 0.54375 0.0640625 0.05546875
2 0.4625 0.52734375 0.04140625 0.0671875
1 0.378125 0.49921875 0.034375 0.071875
6 0.284375 0.5296875 0.046875 0.06484375
5 0.3265625 0.5078125 0.03359375 0.0515625
3 0.50078125 0.58828125 0.04765625 0.04375
5 0.7375 0.5390625 0.06328125 0.0671875