5 0.33359375 0.70703125 0.196875 0.27265625
5 0.4296875 0.47109375 0.07265625 0.13125
5 0.49921875 0.4453125 0.071875 0.1015625
5 0.72265625 0.44453125 0.06328125 0.09453125
5 0.76015625 0.43359375 0.05546875 0.10390625
3 0.65078125 0.4984375 0.10390625 0.0796875
3 0.60390625 0.41953125 0.05859375 0.04609375
3 0.65234375 0.44140625 0.09375 0.0625
6 0.565625 0.50078125 0.1078125 0.1390625
6 0.221875 0.4546875 0.0828125 0.10234375
3 0.159375 0.55859375 0.11640625 0.1046875
3 0.12421875 0.48359375 0.12578125 0.0859375
2 0.94140625 0.47890625 0.08359375 0.11015625
2 0.87109375 0.5046875 0.09921875 0.13046875