5 0.16875 0.74375 0.159375 0.19609375
6 0.51875 0.525 0.096875 0.10703125
5 0.3671875 0.70546875 0.15234375 0.1765625
2 0.29296875 0.43984375 0.07890625 0.08125
5 0.45234375 0.46171875 0.0828125 0.10078125
5 0.28828125 0.528125 0.11171875 0.11640625
3 0.61484375 0.6 0.121875 0.08125
3 0.340625 0.6265625 0.14765625 0.0859375
6 0.37578125 0.4515625 0.08203125 0.07265625
6 0.63359375 0.5125 0.10390625 0.09453125
5 0.88515625 0.65546875 0.13828125 0.15078125
2 0.709375 0.69296875 0.17265625 0.18046875