1 0.08046875 0.490625 0.07890625 0.19921875
1 0.19296875 0.60234375 0.1 0.2171875
1 0.309375 0.58515625 0.07890625 0.20859375
1 0.22421875 0.52421875 0.08671875 0.1640625
3 0.10859375 0.61796875 0.11171875 0.11796875
6 0.4265625 0.5421875 0.084375 0.12578125
3 0.56484375 0.50625 0.0625 0.06875
6 0.63671875 0.5 0.05703125 0.0828125
5 0.796875 0.51875 0.10234375 0.08359375
5 0.9359375 0.52734375 0.0828125 0.103125
5 0.65234375 0.60859375 0.1203125 0.1375
2 0.7265625 0.58203125 0.1125 0.15078125
3 0.8765625 0.57421875 0.134375 0.09609375