6 0.62265625 0.57421875 0.121875 0.140625
2 0.58984375 0.45703125 0.09921875 0.0890625
6 0.30234375 0.5203125 0.1109375 0.11484375
3 0.54375 0.521875 0.08515625 0.06328125
1 0.17421875 0.45234375 0.1 0.18046875
2 0.32265625 0.4625 0.10390625 0.08515625
5 0.35625 0.71875 0.1484375 0.1578125
2 0.66953125 0.50078125 0.09375 0.0953125
3 0.88671875 0.690625 0.1546875 0.11875
6 0.12890625 0.753125 0.2 0.190625
2 0.72578125 0.68203125 0.14609375 0.17421875
5 0.15546875 0.60234375 0.15859375 0.15703125
2 0.77109375 0.55390625 0.140625 0.12421875
2 0.34296875 0.60078125 0.14609375 0.13203125