5 0.3734375 0.609375 0.11171875 0.23203125
6 0.096875 0.56953125 0.12578125 0.19453125
6 0.203125 0.49609375 0.09453125 0.10703125
1 0.3546875 0.4171875 0.059375 0.0984375
5 0.4609375 0.56328125 0.08359375 0.2453125
5 0.5125 0.4078125 0.02890625 0.0609375
5 0.2765625 0.5484375 0.090625 0.15546875
6 0.0609375 0.5078125 0.08046875 0.13828125
6 0.43203125 0.4484375 0.04765625 0.08671875
3 0.53984375 0.50078125 0.059375 0.06484375
3 0.38515625 0.47265625 0.08984375 0.071875
3 0.6796875 0.46328125 0.07734375 0.0703125