6 0.27265625 0.67109375 0.27734375 0.1828125
5 0.12421875 0.6125 0.1734375 0.1515625
5 0.21328125 0.53203125 0.14609375 0.14140625
1 0.3796875 0.5125 0.1265625 0.1453125
6 0.465625 0.46171875 0.078125 0.084375
3 0.35703125 0.46015625 0.04921875 0.06796875
1 0.65625 0.43359375 0.11328125 0.08046875
5 0.64140625 0.4765625 0.115625 0.06953125
5 0.79453125 0.49765625 0.1125 0.090625
6 0.67265625 0.5703125 0.1515625 0.11640625
3 0.84765625 0.5859375 0.19296875 0.08125
6 0.68046875 0.68359375 0.20390625 0.17578125
2 0.8984375 0.6734375 0.19375 0.13515625