6 0.13046875 0.7640625 0.20546875 0.20625
5 0.34453125 0.74453125 0.1546875 0.1359375
5 0.32421875 0.62421875 0.17734375 0.11015625
2 0.3046875 0.5390625 0.11015625 0.08984375
5 0.309375 0.484375 0.07578125 0.0625
5 0.1546875 0.53828125 0.11015625 0.11875
6 0.48046875 0.4859375 0.07734375 0.1
5 0.53203125 0.5203125 0.06171875 0.09921875
1 0.59921875 0.57109375 0.09375 0.16328125
3 0.678125 0.5484375 0.08828125 0.07734375
5 0.76640625 0.59921875 0.128125 0.12734375
5 0.678125 0.6828125 0.1171875 0.15546875
5 0.8984375 0.7125 0.15 0.1515625