5 0.8578125 0.60625 0.15078125 0.15234375
5 0.7328125 0.61015625 0.10703125 0.13125
5 0.6921875 0.5140625 0.065625 0.08046875
6 0.7734375 0.52734375 0.08203125 0.09375
1 0.70234375 0.428125 0.05078125 0.0921875
5 0.665625 0.4671875 0.05078125 0.065625
3 0.5125 0.48984375 0.06015625 0.05390625
3 0.490625 0.53359375 0.059375 0.05390625
1 0.3625 0.5265625 0.084375 0.16953125
6 0.42734375 0.50703125 0.0640625 0.07265625
6 0.2765625 0.47578125 0.06796875 0.0703125
3 0.23359375 0.5390625 0.11484375 0.0796875
1 0.38046875 0.4421875 0.0453125 0.0703125
1 0.33671875 0.44453125 0.0515625 0.05546875
2 0.46015625 0.48046875 0.0390625 0.05703125
5 0.446875 0.5796875 0.0984375 0.134375