5 0.23359375 0.659375 0.096875 0.18046875
3 0.39453125 0.7125 0.1359375 0.09765625
3 0.28125 0.61171875 0.090625 0.10234375
5 0.3859375 0.584375 0.09453125 0.1265625
2 0.36328125 0.525 0.10546875 0.12265625
3 0.5 0.50234375 0.05703125 0.07734375
5 0.53671875 0.509375 0.06484375 0.11875
6 0.58046875 0.49375 0.075 0.0875
2 0.59453125 0.56796875 0.0890625 0.1140625
3 0.6390625 0.52890625 0.078125 0.08046875
2 0.69921875 0.571875 0.1015625 0.1296875
5 0.678125 0.6515625 0.10625 0.15234375
3 0.79765625 0.671875 0.1328125 0.09609375