2 0.2140625 0.8609375 0.196875 0.22734375
1 0.378125 0.7734375 0.13125 0.28984375
5 0.23125 0.715625 0.125 0.1578125
6 0.3625 0.72421875 0.0921875 0.13671875
6 0.253125 0.603125 0.08515625 0.1046875
2 0.334375 0.64453125 0.07734375 0.13515625
5 0.478125 0.59140625 0.059375 0.10703125
2 0.52265625 0.64296875 0.07421875 0.1359375
3 0.56015625 0.60703125 0.04140625 0.059375
3 0.58671875 0.73125 0.10234375 0.109375
1 0.60625 0.61171875 0.07734375 0.15078125
2 0.69453125 0.703125 0.084375 0.13125
1 0.6578125 0.78828125 0.0875 0.240625
6 0.8015625 0.8 0.125 0.190625