5 0.9109375 0.48125 0.171875 0.1765625
1 0.66875 0.259375 0.11328125 0.16484375
6 0.871875 0.37734375 0.17265625 0.14921875
2 0.37421875 0.3859375 0.1453125 0.13515625
3 0.7 0.40859375 0.17265625 0.1
5 0.20703125 0.3828125 0.15703125 0.1515625
1 0.40546875 0.28125 0.0953125 0.11875
3 0.7015625 0.50859375 0.17265625 0.13203125
6 0.778125 0.2578125 0.1296875 0.1125
3 0.475 0.284375 0.0796875 0.078125
3 0.0890625 0.50703125 0.178125 0.153125
1 0.35 0.2421875 0.0890625 0.11015625
2 0.3015625 0.50703125 0.19140625 0.1828125
3 0.81171875 0.33125 0.12265625 0.07578125
5 0.29765625 0.29609375 0.096875 0.121875