1 0.3671875 0.4796875 0.07421875 0.18046875
1 0.45390625 0.45078125 0.0609375 0.10859375
1 0.61796875 0.50234375 0.08515625 0.23203125
1 0.209375 0.58828125 0.1296875 0.33515625
3 0.0859375 0.5796875 0.1234375 0.10078125
3 0.403125 0.4640625 0.06484375 0.0703125
5 0.88046875 0.4875 0.084375 0.0921875
5 0.82109375 0.509375 0.11875 0.09453125
5 0.52890625 0.49765625 0.07265625 0.10625
6 0.4640625 0.521875 0.0875 0.1296875
5 0.55 0.4265625 0.04765625 0.07734375
3 0.6140625 0.47109375 0.09453125 0.05859375