5 0.16171875 0.6921875 0.11875 0.18203125
3 0.37578125 0.73359375 0.1765625 0.11796875
3 0.2390625 0.64609375 0.1 0.0859375
5 0.35703125 0.61796875 0.11875 0.09765625
2 0.3296875 0.5578125 0.1140625 0.10625
3 0.5234375 0.51953125 0.06953125 0.06015625
5 0.56484375 0.5359375 0.08046875 0.11640625
6 0.63359375 0.5140625 0.08671875 0.08046875
3 0.70390625 0.56328125 0.075 0.05859375
2 0.65 0.59453125 0.12734375 0.11640625
2 0.79375 0.5953125 0.11875 0.1234375
5 0.765625 0.6796875 0.11484375 0.1328125
3 0.9234375 0.69921875 0.153125 0.0890625