5 0.24296875 0.63125 0.18125 0.26015625
1 0.08515625 0.3921875 0.12265625 0.2515625
1 0.26640625 0.3921875 0.12109375 0.2703125
1 0.50546875 0.33359375 0.05078125 0.146875
1 0.62265625 0.325 0.053125 0.10078125
1 0.68515625 0.421875 0.0859375 0.178125
5 0.38359375 0.415625 0.0703125 0.13125
5 0.45546875 0.396875 0.06953125 0.1140625
2 0.16875 0.38125 0.0875 0.12734375
6 0.51015625 0.45 0.1109375 0.125
3 0.609375 0.39765625 0.06875 0.06484375
3 0.565625 0.36875 0.0578125 0.05546875
2 0.8609375 0.44296875 0.06875 0.10703125
2 0.80234375 0.47734375 0.0921875 0.12109375
5 0.678125 0.39609375 0.04921875 0.0921875