1 0.2125 0.509375 0.09921875 0.1046875
3 0.328125 0.53125 0.0828125 0.06015625
1 0.32109375 0.6015625 0.12734375 0.1078125
1 0.0859375 0.6953125 0.125 0.1765625
5 0.18515625 0.62578125 0.11328125 0.13515625
5 0.32109375 0.70625 0.14375 0.15546875
1 0.53984375 0.51640625 0.07265625 0.14609375
5 0.6671875 0.54296875 0.06328125 0.0890625
6 0.6078125 0.6046875 0.08828125 0.14921875
5 0.77109375 0.61015625 0.11640625 0.1109375
2 0.71328125 0.71953125 0.146875 0.16953125
6 0.86640625 0.68671875 0.115625 0.17890625