1 0.13828125 0.4859375 0.09609375 0.1671875
6 0.25625 0.53671875 0.096875 0.109375
1 0.35625 0.7 0.18125 0.178125
2 0.18671875 0.746875 0.15 0.21171875
1 0.54140625 0.43125 0.084375 0.103125
1 0.5046875 0.49296875 0.09140625 0.10546875
3 0.61171875 0.509375 0.06875 0.0640625
3 0.6109375 0.5859375 0.1 0.06640625
6 0.73046875 0.68984375 0.09609375 0.21171875
3 0.87109375 0.66953125 0.1328125 0.1015625
2 0.16484375 0.60234375 0.12578125 0.18203125
2 0.26640625 0.43671875 0.0703125 0.09453125
5 0.35 0.43984375 0.06015625 0.06796875