5 0.32109375 0.72890625 0.228125 0.303125
3 0.1578125 0.55703125 0.12265625 0.10390625
2 0.87578125 0.4984375 0.1125 0.12578125
5 0.43046875 0.46796875 0.08515625 0.14453125
5 0.50546875 0.45 0.0625 0.11796875
1 0.55390625 0.38671875 0.0625 0.1234375
3 0.61015625 0.40859375 0.0546875 0.06015625
1 0.66875 0.3703125 0.06171875 0.09453125
3 0.65625 0.44453125 0.08125 0.05703125
3 0.64921875 0.4953125 0.1046875 0.0640625
6 0.57109375 0.4984375 0.08984375 0.12109375
5 0.765625 0.43515625 0.05546875 0.08671875
5 0.28125 0.47890625 0.109375 0.153125
3 0.121875 0.48359375 0.1359375 0.0828125