1 0.13046875 0.54140625 0.090625 0.19296875
1 0.5046875 0.49140625 0.06953125 0.1375
3 0.36015625 0.60546875 0.10546875 0.0859375
3 0.4328125 0.53046875 0.0765625 0.05234375
3 0.74296875 0.6140625 0.10390625 0.08671875
3 0.875 0.6203125 0.146875 0.1046875
3 0.75078125 0.4984375 0.08125 0.0625
5 0.4546875 0.58359375 0.10703125 0.1234375
5 0.3875 0.46796875 0.034375 0.05859375
6 0.46953125 0.48984375 0.04921875 0.0609375
1 0.66875 0.4484375 0.04609375 0.11328125
1 0.69453125 0.49375 0.04921875 0.103125
6 0.78125 0.521875 0.06328125 0.090625