5 0.22109375 0.69921875 0.16171875 0.19609375
6 0.42734375 0.73359375 0.15390625 0.23828125
1 0.38203125 0.5671875 0.1140625 0.15859375
6 0.24140625 0.59921875 0.1203125 0.11875
1 0.2390625 0.47890625 0.10078125 0.1484375
1 0.3546875 0.4671875 0.0765625 0.0890625
3 0.61015625 0.49375 0.0578125 0.04453125
6 0.56328125 0.5296875 0.08203125 0.103125
1 0.646875 0.49765625 0.07265625 0.0953125
6 0.76015625 0.58203125 0.103125 0.1140625
2 0.70625 0.68203125 0.14765625 0.18984375
2 0.84296875 0.65078125 0.1046875 0.175