6 0.16171875 0.815625 0.178125 0.2453125
6 0.7546875 0.5578125 0.14453125 0.14765625
3 0.33203125 0.63984375 0.153125 0.08515625
1 0.1421875 0.5625 0.14765625 0.21328125
3 0.275 0.546875 0.11484375 0.0828125
5 0.48203125 0.49375 0.08984375 0.1046875
1 0.5859375 0.5546875 0.09765625 0.1390625
3 0.40078125 0.76328125 0.1859375 0.11796875
5 0.58203125 0.48984375 0.08125 0.08203125
5 0.26171875 0.43515625 0.07421875 0.08828125
3 0.34609375 0.44609375 0.0875 0.0578125
3 0.725 0.69453125 0.15703125 0.12734375
2 0.84609375 0.64921875 0.13359375 0.14375