1 0.25703125 0.4359375 0.084375 0.13046875
1 0.48125 0.42421875 0.0625 0.10234375
3 0.1375 0.553125 0.12109375 0.07578125
2 0.2453125 0.53984375 0.12421875 0.13125
5 0.55625 0.5171875 0.0734375 0.103125
5 0.6828125 0.48046875 0.06015625 0.0796875
5 0.83046875 0.58671875 0.12734375 0.15546875
5 0.734375 0.51796875 0.0640625 0.11640625
3 0.31171875 0.50625 0.1109375 0.07265625
3 0.47421875 0.5421875 0.0796875 0.0671875
3 0.47109375 0.4953125 0.0921875 0.053125
1 0.92421875 0.50859375 0.1015625 0.1546875
6 0.7609375 0.47578125 0.06171875 0.09296875