3 0.09375 0.528125 0.1875 0.09921875
2 0.27421875 0.53671875 0.16484375 0.1734375
6 0.340625 0.40078125 0.14921875 0.13046875
5 0.28515625 0.31171875 0.065625 0.11171875
1 0.34453125 0.265625 0.07734375 0.10703125
3 0.46015625 0.3015625 0.0625 0.0546875
1 0.6515625 0.28828125 0.11640625 0.13515625
6 0.75390625 0.26640625 0.1046875 0.1171875
3 0.7875 0.34453125 0.1078125 0.06328125
3 0.675 0.42421875 0.1625 0.0859375
6 0.8640625 0.396875 0.13515625 0.159375
3 0.6765625 0.52734375 0.15 0.10234375
5 0.91875 0.5 0.14765625 0.16875