5 0.36796875 0.421875 0.0640625 0.06484375
2 0.45859375 0.4375 0.08984375 0.08828125
2 0.26171875 0.49609375 0.05703125 0.11796875
2 0.1828125 0.5859375 0.11171875 0.15390625
1 0.3359375 0.5265625 0.1078125 0.18046875
6 0.4171875 0.73671875 0.10859375 0.18984375
3 0.17109375 0.78203125 0.240625 0.13515625
3 0.73671875 0.6859375 0.1640625 0.1046875
2 0.89453125 0.6546875 0.16953125 0.1640625
2 0.59765625 0.55234375 0.09609375 0.146875
1 0.621875 0.45546875 0.0671875 0.10859375
2 0.5234375 0.496875 0.07890625 0.11171875