1 0.321875 0.44453125 0.10546875 0.14609375
2 0.38671875 0.45390625 0.07421875 0.06171875
2 0.4796875 0.45546875 0.08984375 0.0625
3 0.421875 0.5078125 0.1109375 0.05703125
2 0.39140625 0.55546875 0.13828125 0.1015625
5 0.2390625 0.5421875 0.13828125 0.10546875
1 0.2890625 0.60703125 0.1515625 0.1796875
2 0.671875 0.4546875 0.07734375 0.07734375
6 0.671875 0.49296875 0.08046875 0.09921875
3 0.796875 0.5203125 0.1109375 0.0609375
1 0.7078125 0.50859375 0.09453125 0.17734375
6 0.90859375 0.68515625 0.1828125 0.1734375
2 0.71484375 0.65859375 0.178125 0.16875