6 0.2015625 0.83046875 0.13125 0.17109375
2 0.3875 0.8109375 0.11640625 0.18984375
6 0.2546875 0.66875 0.1234375 0.1546875
5 0.38203125 0.6578125 0.0859375 0.11171875
5 0.35859375 0.58359375 0.0796875 0.11171875
5 0.25625 0.58359375 0.0890625 0.13203125
5 0.359375 0.52421875 0.06796875 0.08125
3 0.49375 0.54296875 0.06484375 0.0703125
6 0.5875 0.534375 0.0640625 0.0953125
6 0.53828125 0.584375 0.08203125 0.10546875
6 0.63515625 0.57578125 0.09375 0.115625
5 0.59765625 0.66015625 0.0875 0.0875
2 0.7046875 0.64140625 0.10859375 0.13671875
6 0.6859375 0.784375 0.1140625 0.171875
3 0.78359375 0.75390625 0.11171875 0.14296875