2 0.6296875 0.51015625 0.1078125 0.09609375
6 0.496875 0.7421875 0.17265625 0.196875
5 0.1546875 0.540625 0.14296875 0.14921875
1 0.459375 0.42421875 0.0984375 0.1140625
6 0.7046875 0.7859375 0.1828125 0.20703125
5 0.17734375 0.68125 0.1640625 0.13125
2 0.76796875 0.53203125 0.1265625 0.115625
3 0.35234375 0.43984375 0.07890625 0.0640625
3 0.56484375 0.6109375 0.1640625 0.08984375
5 0.65546875 0.44921875 0.12578125 0.10078125
5 0.04921875 0.640625 0.0984375 0.2109375
1 0.303125 0.5734375 0.15390625 0.140625