2 0.2546875 0.72734375 0.109375 0.1953125
3 0.42890625 0.72734375 0.153125 0.12421875
3 0.271875 0.621875 0.14765625 0.09765625
6 0.41015625 0.5953125 0.11328125 0.13125
1 0.27734375 0.48203125 0.10390625 0.14921875
5 0.3765625 0.53125 0.071875 0.09296875
3 0.6421875 0.684375 0.09453125 0.096875
3 0.771875 0.67734375 0.134375 0.10625
3 0.58203125 0.5921875 0.0828125 0.0921875
5 0.6046875 0.50234375 0.08125 0.078125
2 0.5296875 0.5125 0.071875 0.1015625
3 0.521875 0.46953125 0.08203125 0.07421875