2 0.4046875 0.77578125 0.11640625 0.22578125
5 0.24140625 0.775 0.12890625 0.22109375
5 0.2671875 0.5640625 0.08203125 0.12109375
5 0.3703125 0.6328125 0.084375 0.1015625
6 0.25625 0.66484375 0.12734375 0.128125
3 0.81328125 0.7875 0.14765625 0.16796875
3 0.6765625 0.7734375 0.146875 0.14453125
3 0.61015625 0.665625 0.115625 0.109375
5 0.715625 0.61953125 0.1171875 0.15
5 0.61953125 0.546875 0.08203125 0.09921875
1 0.53828125 0.50546875 0.07265625 0.1625
3 0.37890625 0.54140625 0.08125 0.0640625
6 0.51015625 0.50390625 0.05625 0.103125