3 0.86953125 0.66953125 0.17890625 0.1546875
2 0.3765625 0.49453125 0.12734375 0.125
2 0.66328125 0.6390625 0.14921875 0.19453125
6 0.103125 0.584375 0.20625 0.17578125
1 0.32421875 0.340625 0.10078125 0.1890625
2 0.77109375 0.378125 0.1109375 0.11328125
3 0.66328125 0.43359375 0.0921875 0.09765625
2 0.509375 0.3640625 0.0765625 0.1015625
2 0.83203125 0.4296875 0.115625 0.115625
5 0.22109375 0.47421875 0.14453125 0.146875
5 0.29921875 0.590625 0.12734375 0.14765625
6 0.38984375 0.37578125 0.0671875 0.075