5 0.7796875 0.66328125 0.12265625 0.17734375
2 0.665625 0.6859375 0.10390625 0.19765625
3 0.5765625 0.60078125 0.09140625 0.11015625
2 0.5953125 0.51328125 0.08203125 0.1
6 0.5109375 0.52109375 0.07890625 0.11171875
5 0.46171875 0.46484375 0.06953125 0.10546875
2 0.403125 0.4421875 0.06796875 0.07890625
2 0.33984375 0.42890625 0.0578125 0.09453125
5 0.39453125 0.70078125 0.11484375 0.19296875
5 0.24609375 0.72890625 0.13671875 0.209375
3 0.375 0.62109375 0.11171875 0.08046875
5 0.228125 0.525 0.1015625 0.11484375