1 0.20546875 0.38359375 0.121875 0.20546875
1 0.33984375 0.3953125 0.08203125 0.21015625
1 0.275 0.35390625 0.028125 0.0734375
1 0.790625 0.40703125 0.08515625 0.15859375
1 0.97109375 0.35390625 0.0578125 0.0828125
5 0.253125 0.6484375 0.20703125 0.340625
5 0.43828125 0.59765625 0.20703125 0.3375
5 0.51640625 0.38515625 0.053125 0.09375
6 0.56875 0.3921875 0.05078125 0.09921875
6 0.6375 0.421875 0.096875 0.15546875
5 0.94296875 0.365625 0.0796875 0.0875
5 0.8734375 0.39140625 0.09296875 0.103125
5 0.75390625 0.46484375 0.12890625 0.16796875