5 0.22890625 0.48984375 0.07578125 0.12421875
5 0.153125 0.55625 0.103125 0.16015625
5 0.28125 0.53203125 0.0984375 0.1359375
5 0.58203125 0.40625 0.05 0.08125
6 0.23359375 0.66015625 0.2203125 0.23203125
6 0.425 0.61953125 0.20625 0.25859375
6 0.434375 0.45703125 0.08046875 0.096875
6 0.49296875 0.4375 0.05546875 0.075
6 0.58984375 0.478125 0.07890625 0.1015625
2 0.6328125 0.5609375 0.125 0.15390625
2 0.72421875 0.51796875 0.12734375 0.1171875
1 0.74296875 0.4015625 0.0515625 0.13125
3 0.86171875 0.49609375 0.14609375 0.08984375
3 0.93671875 0.47578125 0.08359375 0.05859375
5 0.71015625 0.43984375 0.08515625 0.103125