2 0.125 0.89140625 0.21953125 0.2171875
1 0.35 0.81015625 0.1921875 0.26328125
1 0.71796875 0.81171875 0.1375 0.1703125
6 0.8859375 0.81875 0.1640625 0.19140625
3 0.60625 0.7578125 0.14453125 0.12890625
2 0.73984375 0.725 0.14375 0.12265625
2 0.53359375 0.66953125 0.10546875 0.096875
1 0.63671875 0.6234375 0.1234375 0.14296875
5 0.45859375 0.615625 0.11171875 0.103125
3 0.5703125 0.628125 0.084375 0.071875
2 0.15703125 0.62734375 0.12578125 0.10703125
3 0.12421875 0.70703125 0.13984375 0.0671875
2 0.2765625 0.6765625 0.1140625 0.11171875
5 0.14765625 0.75546875 0.1578125 0.14140625
6 0.28828125 0.76171875 0.096875 0.15078125