1 0.11484375 0.53671875 0.125 0.26015625
3 0.15859375 0.62734375 0.128125 0.1796875
1 0.2359375 0.68046875 0.146875 0.26328125
1 0.3875 0.6359375 0.1484375 0.27734375
1 0.75703125 0.62421875 0.15234375 0.23828125
1 0.45234375 0.56875 0.07578125 0.21015625
3 0.39765625 0.54765625 0.0765625 0.11875
1 0.6375 0.5015625 0.05234375 0.1125
3 0.84921875 0.57734375 0.1140625 0.09140625
5 0.94296875 0.615625 0.11328125 0.23359375
2 0.58515625 0.6703125 0.1234375 0.3
5 0.284375 0.61484375 0.09609375 0.14140625
3 0.21484375 0.53828125 0.0953125 0.06953125