1 0.23203125 0.3734375 0.13203125 0.18984375
5 0.365625 0.42890625 0.11171875 0.1234375
3 0.41328125 0.36640625 0.0828125 0.0734375
1 0.47265625 0.32890625 0.0546875 0.1359375
5 0.5421875 0.36015625 0.0953125 0.09921875
5 0.21953125 0.47734375 0.128125 0.1671875
5 0.34453125 0.5796875 0.1390625 0.16640625
3 0.375 0.5375 0.1265625 0.09609375
5 0.1484375 0.60078125 0.18515625 0.171875
5 0.6 0.43203125 0.109375 0.09765625
6 0.74453125 0.4421875 0.10390625 0.10703125
5 0.70703125 0.6109375 0.20234375 0.16953125
6 0.896875 0.6265625 0.1515625 0.1875