1 0.484375 0.57265625 0.07265625 0.134375
2 0.3484375 0.6078125 0.078125 0.0890625
6 0.22578125 0.88125 0.17109375 0.19375
2 0.4140625 0.87890625 0.1421875 0.1765625
3 0.3796875 0.75859375 0.10703125 0.08203125
3 0.35859375 0.69140625 0.09375 0.0671875
2 0.62890625 0.65234375 0.0765625 0.10390625
6 0.57734375 0.70703125 0.084375 0.15625
6 0.5296875 0.64609375 0.07109375 0.11640625
1 0.2671875 0.6765625 0.10625 0.184375
3 0.68203125 0.84140625 0.103125 0.0921875
3 0.80859375 0.82734375 0.1375 0.1125
2 0.6953125 0.71171875 0.09140625 0.13359375