3 0.3578125 0.6890625 0.184375 0.11953125
3 0.34296875 0.6015625 0.1375 0.08125
3 0.68671875 0.52578125 0.09453125 0.06015625
5 0.76796875 0.55546875 0.13671875 0.12109375
5 0.734375 0.6390625 0.1296875 0.13984375
5 0.86328125 0.6109375 0.12109375 0.16796875
5 0.54375 0.496875 0.07734375 0.1078125
5 0.6 0.47734375 0.06328125 0.0796875
2 0.62578125 0.55234375 0.109375 0.128125
2 0.2078125 0.4859375 0.11875 0.08515625
2 0.32421875 0.47421875 0.0859375 0.08046875
5 0.14609375 0.659375 0.1671875 0.19296875