1 0.22109375 0.59609375 0.1640625 0.2609375
1 0.66015625 0.60078125 0.14296875 0.27890625
1 0.6265625 0.4859375 0.09140625 0.18671875
1 0.30078125 0.3859375 0.08203125 0.15546875
5 0.2765625 0.50390625 0.10546875 0.15390625
5 0.40859375 0.5015625 0.0921875 0.14921875
5 0.39609375 0.4546875 0.08984375 0.12109375
5 0.5765625 0.45 0.075 0.1203125
5 0.4328125 0.3578125 0.05390625 0.08984375
3 0.5234375 0.3828125 0.05078125 0.0515625
2 0.3765625 0.65234375 0.13984375 0.240625
2 0.67734375 0.44609375 0.0625 0.11640625
6 0.81953125 0.6546875 0.15078125 0.228125
2 0.48359375 0.371875 0.0390625 0.0859375