5 0.34453125 0.72734375 0.240625 0.30390625
3 0.1203125 0.49375 0.12734375 0.07734375
3 0.16015625 0.55625 0.1234375 0.0859375
3 0.64921875 0.50234375 0.10625 0.07421875
3 0.64609375 0.44375 0.09140625 0.06875
3 0.609375 0.41953125 0.06484375 0.06015625
5 0.76015625 0.4359375 0.0515625 0.08984375
5 0.72265625 0.44375 0.05859375 0.1046875
5 0.5015625 0.4453125 0.0640625 0.0953125
5 0.43515625 0.4734375 0.08515625 0.13359375
1 0.553125 0.38984375 0.06640625 0.11640625
1 0.6640625 0.36796875 0.06171875 0.1171875
2 0.87734375 0.4953125 0.10625 0.1296875
2 0.9296875 0.46484375 0.09453125 0.1046875
6 0.55625 0.49765625 0.10859375 0.12890625