3 0.7140625 0.76796875 0.20078125 0.15703125
1 0.09453125 0.58515625 0.14375 0.178125
3 0.5453125 0.48984375 0.0953125 0.09375
1 0.46796875 0.41640625 0.10234375 0.1125
6 0.51953125 0.72109375 0.16640625 0.16640625
5 0.715625 0.49296875 0.1125 0.13359375
3 0.36484375 0.5796875 0.14140625 0.1015625
2 0.20390625 0.66875 0.175 0.1515625
6 0.80390625 0.62734375 0.16328125 0.15703125
5 0.38359375 0.4703125 0.08828125 0.115625
5 0.45625 0.50546875 0.090625 0.109375
6 0.2359375 0.54375 0.15546875 0.13515625