5 0.13359375 0.56875 0.1453125 0.18046875
6 0.2390625 0.64765625 0.17265625 0.19375
3 0.23671875 0.5078125 0.1390625 0.12421875
6 0.34296875 0.51796875 0.171875 0.15625
5 0.3671875 0.41640625 0.09765625 0.1296875
5 0.46015625 0.45390625 0.09296875 0.125
3 0.4265625 0.4109375 0.07421875 0.08984375
3 0.521875 0.40390625 0.10625 0.12578125
1 0.84609375 0.36484375 0.12109375 0.18671875
5 0.71875 0.4578125 0.146875 0.15546875
5 0.8359375 0.475 0.1765625 0.13203125
3 0.66484375 0.54765625 0.1578125 0.1484375
1 0.60078125 0.646875 0.15078125 0.271875
1 0.84296875 0.6421875 0.1625 0.24296875