6 0.18359375 0.8171875 0.18828125 0.25390625
2 0.17890625 0.63359375 0.15390625 0.1671875
6 0.34921875 0.63359375 0.1375 0.14140625
3 0.13359375 0.5796875 0.06953125 0.0796875
2 0.28671875 0.54921875 0.1140625 0.10703125
5 0.2796875 0.45 0.071875 0.084375
2 0.36640625 0.4515625 0.071875 0.084375
1 0.5046875 0.51328125 0.08828125 0.134375
5 0.6015625 0.5046875 0.0828125 0.09921875
3 0.609375 0.6109375 0.12265625 0.08671875
6 0.7546875 0.5765625 0.1015625 0.1296875
6 0.73203125 0.7 0.15 0.19765625
3 0.8734375 0.69765625 0.140625 0.10703125