2 0.17734375 0.640625 0.16640625 0.19375
6 0.3890625 0.634375 0.134375 0.2234375
5 0.33359375 0.5046875 0.11328125 0.1453125
5 0.26328125 0.42265625 0.115625 0.09765625
5 0.16015625 0.4796875 0.10859375 0.1359375
5 0.27109375 0.33203125 0.08203125 0.08515625
2 0.35234375 0.33984375 0.06875 0.071875
1 0.5859375 0.36015625 0.0703125 0.12890625
2 0.50078125 0.41796875 0.0921875 0.10546875
5 0.57109375 0.4609375 0.07265625 0.11875
2 0.7328125 0.4640625 0.125 0.12578125
5 0.83515625 0.54921875 0.10234375 0.1296875