2 0.1890625 0.73359375 0.18828125 0.2125
6 0.2953125 0.51953125 0.11953125 0.109375
3 0.3453125 0.61484375 0.14609375 0.0953125
5 0.59375 0.53671875 0.07890625 0.11953125
5 0.90390625 0.63125 0.1578125 0.15703125
3 0.51875 0.515625 0.10546875 0.06875
5 0.17890625 0.56796875 0.1328125 0.1578125
5 0.55078125 0.43671875 0.09609375 0.0921875
6 0.6453125 0.49453125 0.09296875 0.09296875
3 0.4125 0.74453125 0.19296875 0.12578125
5 0.28203125 0.41640625 0.07734375 0.08125
6 0.36640625 0.4296875 0.06796875 0.0765625