6 0.40625 0.7015625 0.11640625 0.2171875
3 0.27578125 0.6171875 0.09609375 0.06796875
2 0.3859375 0.58359375 0.0765625 0.125
1 0.2828125 0.4765625 0.07890625 0.171875
1 0.37734375 0.46484375 0.0671875 0.0734375
5 0.36640625 0.52421875 0.06640625 0.09765625
1 0.521875 0.4859375 0.06953125 0.13671875
5 0.59296875 0.503125 0.06171875 0.0875
3 0.58359375 0.5875 0.08515625 0.09296875
6 0.67578125 0.56640625 0.090625 0.12109375
2 0.6359375 0.6640625 0.10234375 0.17578125
3 0.75546875 0.68046875 0.11328125 0.11015625