5 0.27734375 0.5875 0.07421875 0.08515625
6 0.16015625 0.64375 0.11640625 0.13046875
3 0.2171875 0.7421875 0.09921875 0.08203125
5 0.2953125 0.63203125 0.11796875 0.1140625
5 0.32109375 0.71015625 0.0953125 0.115625
1 0.13671875 0.80234375 0.1546875 0.2078125
5 0.3609375 0.78046875 0.12421875 0.15625
6 0.7390625 0.80234375 0.12578125 0.17109375
2 0.90234375 0.76796875 0.1578125 0.18359375
2 0.74921875 0.69375 0.1296875 0.1265625
5 0.5828125 0.65625 0.090625 0.134375
5 0.640625 0.61484375 0.078125 0.08828125
1 0.571875 0.54765625 0.06953125 0.103125
1 0.515625 0.5953125 0.08203125 0.15234375
3 0.471875 0.60234375 0.0640625 0.04921875