2 0.36171875 0.70234375 0.20625 0.21015625
1 0.28046875 0.42109375 0.115625 0.13984375
1 0.64296875 0.46484375 0.1375 0.1703125
3 0.31640625 0.55078125 0.15 0.08671875
3 0.11484375 0.7203125 0.2171875 0.15
2 0.7515625 0.6359375 0.17109375 0.2203125
3 0.171875 0.41796875 0.10859375 0.05625
2 0.49453125 0.38515625 0.11953125 0.1375
3 0.77890625 0.52734375 0.16015625 0.103125
3 0.15 0.46796875 0.1140625 0.07578125
3 0.54453125 0.45859375 0.09609375 0.08046875
2 0.91328125 0.625 0.15703125 0.21015625