3 0.390625 0.53046875 0.13515625 0.16015625
3 0.36171875 0.3984375 0.0921875 0.1015625
5 0.23125 0.5015625 0.14375 0.2453125
5 0.6609375 0.45390625 0.12265625 0.20546875
5 0.33359375 0.30859375 0.09375 0.12578125
5 0.2578125 0.25 0.05703125 0.09765625
5 0.33359375 0.2484375 0.07109375 0.096875
6 0.51328125 0.30078125 0.08515625 0.12890625
6 0.55546875 0.25546875 0.06015625 0.10625
1 0.59609375 0.2671875 0.06640625 0.14453125
1 0.68359375 0.29296875 0.11171875 0.1484375
2 0.7703125 0.465625 0.11796875 0.18828125
2 0.22890625 0.284375 0.078125 0.13046875