3 0.38125 0.7328125 0.17578125 0.14453125
3 0.5578125 0.50859375 0.08046875 0.1046875
3 0.4015625 0.60234375 0.12578125 0.125
2 0.2390625 0.6984375 0.125 0.23984375
5 0.29296875 0.5390625 0.08515625 0.171875
5 0.4296875 0.384375 0.06484375 0.10234375
5 0.7546875 0.67109375 0.1125 0.21796875
5 0.6046875 0.546875 0.075 0.16484375
1 0.6328125 0.68359375 0.1671875 0.2484375
6 0.38984375 0.49375 0.103125 0.128125
6 0.66328125 0.4921875 0.08515625 0.09765625
6 0.48203125 0.39453125 0.06015625 0.0859375