2 0.2671875 0.7234375 0.1359375 0.2203125
3 0.446875 0.74453125 0.14296875 0.1421875
5 0.26171875 0.5640625 0.084375 0.13359375
3 0.3984375 0.615625 0.184375 0.109375
6 0.35 0.52265625 0.11953125 0.12109375
5 0.31796875 0.409375 0.0875 0.08125
6 0.4046875 0.42421875 0.09296875 0.0921875
5 0.53984375 0.4328125 0.07890625 0.0953125
6 0.62109375 0.490625 0.09140625 0.1109375
3 0.50390625 0.51015625 0.08984375 0.09921875
5 0.565625 0.53359375 0.05078125 0.1109375
2 0.665625 0.65859375 0.1078125 0.2015625
5 0.81953125 0.625 0.146875 0.18515625