6 0.22890625 0.74765625 0.1625 0.23515625
6 0.57578125 0.44609375 0.05859375 0.11015625
6 0.3828125 0.5984375 0.1234375 0.15
6 0.71484375 0.56875 0.12109375 0.1390625
5 0.40390625 0.7265625 0.13203125 0.18515625
5 0.25 0.60546875 0.13359375 0.15078125
5 0.26484375 0.49140625 0.078125 0.11796875
5 0.8015625 0.67421875 0.12734375 0.17734375
3 0.61875 0.6015625 0.1265625 0.09609375
3 0.65625 0.7109375 0.1203125 0.12265625
3 0.63125 0.51640625 0.08671875 0.06640625
3 0.54140625 0.5125 0.07421875 0.0859375
3 0.378125 0.48203125 0.090625 0.065625