2 0.16015625 0.68125 0.16640625 0.1953125
5 0.28828125 0.534375 0.19375 0.140625
5 0.15078125 0.5265625 0.12890625 0.15546875
5 0.25078125 0.46796875 0.09453125 0.1421875
5 0.27109375 0.375 0.0859375 0.11015625
5 0.56875 0.51015625 0.10078125 0.1578125
5 0.82578125 0.5921875 0.15234375 0.1546875
6 0.37265625 0.6796875 0.1671875 0.23046875
2 0.34921875 0.38515625 0.1046875 0.10546875
2 0.496875 0.4734375 0.0859375 0.175
1 0.65078125 0.60703125 0.14375 0.23828125
1 0.575 0.40078125 0.11171875 0.1875
6 0.72578125 0.5015625 0.07890625 0.16328125