5 0.2734375 0.66484375 0.1828125 0.275
3 0.0640625 0.5234375 0.1046875 0.08984375
3 0.0578125 0.4703125 0.115625 0.08359375
6 0.14453125 0.4328125 0.0859375 0.134375
2 0.2109375 0.45546875 0.1125 0.14765625
5 0.35625 0.428125 0.09140625 0.115625
5 0.43828125 0.41015625 0.071875 0.11015625
1 0.49140625 0.3609375 0.07421875 0.11953125
1 0.60546875 0.33828125 0.05 0.1140625
5 0.53828125 0.378125 0.0546875 0.071875
6 0.503125 0.46328125 0.10390625 0.13359375
3 0.584375 0.45703125 0.08125 0.0890625
5 0.65390625 0.396875 0.06875 0.08359375
5 0.69453125 0.38671875 0.0625 0.08515625
2 0.80546875 0.43671875 0.09375 0.09375
2 0.865625 0.41640625 0.0734375 0.10546875