2 0.159375 0.6578125 0.19765625 0.1515625
5 0.3609375 0.6546875 0.1671875 0.10546875
3 0.40546875 0.58828125 0.159375 0.0671875
2 0.32109375 0.503125 0.12890625 0.103125
2 0.4609375 0.503125 0.09296875 0.0859375
2 0.52265625 0.46328125 0.1125 0.07265625
3 0.39921875 0.48046875 0.08046875 0.065625
6 0.71015625 0.4453125 0.12578125 0.08828125
1 0.6859375 0.51484375 0.19375 0.10390625
3 0.690625 0.50390625 0.084375 0.05078125
6 0.8375 0.49375 0.1046875 0.0921875
5 0.68203125 0.63125 0.14921875 0.1359375
6 0.896875 0.67109375 0.1515625 0.1515625