5 0.15625 0.71953125 0.15078125 0.18984375
6 0.3671875 0.75859375 0.1859375 0.175
6 0.33203125 0.63046875 0.159375 0.16171875
3 0.165625 0.65390625 0.1546875 0.1
5 0.18515625 0.525 0.08125 0.1171875
3 0.23046875 0.48828125 0.09140625 0.08984375
3 0.33828125 0.5015625 0.1046875 0.06015625
5 0.315625 0.53046875 0.11171875 0.0984375
1 0.6109375 0.43203125 0.0796875 0.1171875
5 0.55234375 0.49921875 0.09140625 0.1015625
5 0.67109375 0.51640625 0.0828125 0.0859375
3 0.640625 0.61484375 0.11796875 0.10078125
6 0.78671875 0.58671875 0.1359375 0.1359375
1 0.71171875 0.66484375 0.10703125 0.1984375
1 0.8953125 0.63984375 0.140625 0.2015625