3 0.1015625 0.61171875 0.19609375 0.0953125
6 0.26328125 0.5046875 0.146875 0.13828125
3 0.40390625 0.54140625 0.109375 0.0671875
5 0.30390625 0.603125 0.12890625 0.16640625
1 0.38828125 0.37890625 0.0953125 0.18203125
5 0.56171875 0.409375 0.05625 0.07734375
2 0.4546875 0.4046875 0.059375 0.08671875
2 0.475 0.4578125 0.0765625 0.10703125
2 0.72890625 0.45390625 0.0953125 0.1015625
1 0.84765625 0.4015625 0.10703125 0.1171875
5 0.853125 0.4921875 0.1046875 0.10546875
1 0.63125 0.621875 0.15703125 0.1625
5 0.8265625 0.6828125 0.14921875 0.1609375