1 0.08828125 0.57578125 0.1625 0.18046875
5 0.22421875 0.66328125 0.1546875 0.12578125
1 0.3578125 0.5578125 0.12109375 0.12734375
6 0.33046875 0.45390625 0.13984375 0.1140625
3 0.43203125 0.44453125 0.0984375 0.08359375
2 0.534375 0.453125 0.09140625 0.103125
2 0.69765625 0.5203125 0.115625 0.1234375
5 0.72421875 0.4625 0.13515625 0.10234375
2 0.8359375 0.54921875 0.14765625 0.11328125
2 0.5984375 0.6171875 0.15859375 0.11953125
2 0.5 0.72109375 0.13984375 0.2171875
2 0.69765625 0.80390625 0.153125 0.2203125