1 0.51953125 0.50625 0.08984375 0.1453125
5 0.36171875 0.68984375 0.14453125 0.1546875
3 0.89453125 0.68359375 0.16484375 0.09140625
1 0.33125 0.59140625 0.11875 0.13359375
2 0.58046875 0.50390625 0.06171875 0.08046875
1 0.7125 0.6453125 0.11015625 0.17109375
5 0.6296875 0.52890625 0.078125 0.09140625
3 0.77265625 0.6078125 0.10625 0.07265625
3 0.6125 0.62109375 0.1265625 0.08125
1 0.1453125 0.69375 0.15625 0.2078125
3 0.471875 0.515625 0.06015625 0.05625
5 0.18046875 0.51796875 0.08046875 0.0796875