5 0.19140625 0.615625 0.14453125 0.12890625
5 0.0609375 0.54609375 0.12109375 0.15390625
1 0.32578125 0.51875 0.1203125 0.12109375
2 0.6546875 0.75390625 0.175 0.184375
2 0.590625 0.584375 0.15078125 0.13203125
6 0.4828125 0.69765625 0.13203125 0.20234375
2 0.7515625 0.63984375 0.15390625 0.1734375
5 0.42265625 0.45859375 0.0875 0.09296875
6 0.315625 0.4234375 0.11875 0.1140625
5 0.67734375 0.49921875 0.09921875 0.11640625
5 0.709375 0.46015625 0.11328125 0.0921875
6 0.51875 0.425 0.084375 0.09296875