6 0.121875 0.76875 0.17578125 0.21875
5 0.3828125 0.721875 0.19375 0.13515625
2 0.34765625 0.6171875 0.13515625 0.1515625
5 0.1640625 0.61171875 0.15 0.1234375
1 0.17734375 0.4671875 0.13359375 0.196875
6 0.31640625 0.52421875 0.11484375 0.11640625
2 0.33359375 0.4625 0.11875 0.08515625
6 0.24140625 0.4828125 0.08984375 0.0875
2 0.73828125 0.69921875 0.1671875 0.1875
3 0.903125 0.696875 0.15859375 0.10234375
2 0.64609375 0.578125 0.1125 0.1234375
2 0.68984375 0.50078125 0.10078125 0.08828125
3 0.55703125 0.52734375 0.10859375 0.065625
2 0.596875 0.45859375 0.13125 0.096875