1 0.284375 0.42265625 0.12421875 0.20703125
6 0.3953125 0.4765625 0.08984375 0.16484375
5 0.26875 0.5125 0.1109375 0.1625
3 0.38515625 0.5859375 0.11015625 0.125
2 0.20546875 0.671875 0.1296875 0.234375
3 0.390625 0.765625 0.14453125 0.2890625
1 0.61875 0.63359375 0.15 0.1734375
5 0.59765625 0.52421875 0.05625 0.1140625
3 0.55078125 0.4953125 0.0828125 0.09375
6 0.66875 0.49296875 0.0984375 0.1328125
5 0.40703125 0.38515625 0.090625 0.13828125
6 0.47109375 0.39375 0.0578125 0.08359375
5 0.52734375 0.3875 0.04453125 0.090625