2 0.896875 0.66875 0.20625 0.190625
5 0.6796875 0.61953125 0.16875 0.16796875
1 0.68359375 0.48046875 0.18359375 0.1046875
6 0.85234375 0.46953125 0.128125 0.1015625
2 0.53125 0.4453125 0.0875 0.07109375
2 0.475 0.48046875 0.0796875 0.07890625
3 0.4125 0.46484375 0.0734375 0.0421875
2 0.34921875 0.4796875 0.0828125 0.09453125
3 0.409375 0.5734375 0.1140625 0.06484375
1 0.2484375 0.52109375 0.1546875 0.13359375
5 0.3515625 0.634375 0.15703125 0.1328125
2 0.16484375 0.6234375 0.18515625 0.15234375