2 0.3 0.63984375 0.17734375 0.14453125
2 0.0890625 0.63203125 0.178125 0.14921875
5 0.2203125 0.54140625 0.13359375 0.1171875
2 0.30390625 0.48671875 0.07109375 0.0984375
2 0.375 0.54140625 0.13203125 0.11328125
3 0.3625 0.46484375 0.0671875 0.053125
6 0.4671875 0.45625 0.0875 0.07265625
2 0.65625 0.45546875 0.08203125 0.0796875
3 0.64140625 0.515625 0.0875 0.0546875
5 0.790625 0.50078125 0.10625 0.09375
3 0.85234375 0.58125 0.184375 0.0859375
6 0.89375 0.68125 0.1828125 0.16328125
2 0.684375 0.66015625 0.16640625 0.16796875