1 0.09921875 0.51484375 0.10390625 0.23125
5 0.221875 0.68359375 0.134375 0.24140625
3 0.18046875 0.5265625 0.0828125 0.07890625
3 0.234375 0.56328125 0.09453125 0.07578125
2 0.40703125 0.50234375 0.07109375 0.0984375
5 0.3203125 0.57265625 0.134375 0.1703125
1 0.396875 0.42265625 0.0625 0.09765625
1 0.475 0.49453125 0.0640625 0.15625
1 0.52578125 0.44296875 0.06015625 0.16875
5 0.64765625 0.59375 0.128125 0.18515625
5 0.565625 0.4375 0.05625 0.07578125
5 0.62109375 0.46015625 0.07265625 0.09921875
2 0.76953125 0.48203125 0.0625 0.0984375
2 0.71953125 0.4859375 0.07734375 0.09140625
6 0.853125 0.52578125 0.09609375 0.10234375
2 0.90703125 0.509375 0.0921875 0.090625