1 0.37109375 0.64375 0.1015625 0.18828125
6 0.6328125 0.66484375 0.1015625 0.153125
1 0.50390625 0.52734375 0.0734375 0.13828125
5 0.54765625 0.5921875 0.07890625 0.103125
3 0.696875 0.62109375 0.08359375 0.06171875
6 0.6109375 0.5625 0.07578125 0.08671875
1 0.290625 0.55546875 0.0828125 0.084375
2 0.79453125 0.7796875 0.1578125 0.1671875
5 0.18515625 0.7953125 0.153125 0.19140625
3 0.784375 0.68046875 0.12421875 0.0671875
3 0.39765625 0.83125 0.1640625 0.11953125
1 0.89765625 0.70625 0.1015625 0.15625