2 0.38046875 0.67265625 0.17890625 0.24375
1 0.64375 0.3890625 0.06015625 0.2578125
6 0.2375 0.39921875 0.08359375 0.16015625
6 0.16953125 0.58046875 0.1265625 0.21328125
2 0.3015625 0.5078125 0.09375 0.18515625
5 0.34609375 0.359375 0.05234375 0.0859375
3 0.40234375 0.415625 0.0484375 0.0859375
5 0.4703125 0.375 0.07109375 0.084375
5 0.44296875 0.4140625 0.05859375 0.1125
5 0.59921875 0.42109375 0.05390625 0.1265625
5 0.1296875 0.3984375 0.096875 0.1078125
5 0.1515625 0.4609375 0.10390625 0.1171875