6 0.4234375 0.81875 0.15234375 0.20703125
3 0.18125 0.88203125 0.23203125 0.1609375
3 0.36328125 0.72421875 0.11875 0.084375
1 0.509375 0.53359375 0.07734375 0.1484375
3 0.7859375 0.6640625 0.14375 0.115625
3 0.58125 0.625 0.09921875 0.06484375
1 0.18828125 0.56796875 0.10859375 0.16796875
5 0.77421875 0.75859375 0.13828125 0.15859375
5 0.89765625 0.71015625 0.13203125 0.17265625
2 0.3375 0.6328125 0.1390625 0.1171875
6 0.20859375 0.70546875 0.18984375 0.18515625
5 0.6109375 0.5625 0.09375 0.08984375
2 0.66484375 0.6703125 0.15078125 0.1515625