1 0.23515625 0.44765625 0.11171875 0.16484375
3 0.7078125 0.67265625 0.11875 0.10078125
3 0.2296875 0.5984375 0.10703125 0.0890625
1 0.7390625 0.49453125 0.1078125 0.1890625
5 0.85546875 0.60078125 0.1234375 0.1546875
5 0.609375 0.53984375 0.10234375 0.13125
3 0.23046875 0.6859375 0.16171875 0.1203125
5 0.5625 0.45859375 0.078125 0.12265625
3 0.83671875 0.80390625 0.18359375 0.16484375
5 0.3984375 0.615625 0.10703125 0.16796875
3 0.2125 0.85859375 0.15 0.1625
2 0.66640625 0.471875 0.0734375 0.12265625
2 0.43125 0.78828125 0.15859375 0.28046875