2 0.2375 0.8875 0.17578125 0.225
1 0.39765625 0.81328125 0.12265625 0.2953125
5 0.24609375 0.75 0.12890625 0.1625
6 0.3671875 0.76328125 0.09140625 0.153125
6 0.26015625 0.63125 0.09453125 0.1046875
2 0.35078125 0.6703125 0.0765625 0.13359375
5 0.48828125 0.6109375 0.05390625 0.1
3 0.57109375 0.62578125 0.05 0.0609375
2 0.53515625 0.66171875 0.07734375 0.1234375
1 0.61953125 0.6265625 0.0703125 0.14140625
3 0.6015625 0.74765625 0.10625 0.10234375
2 0.70625 0.7203125 0.08828125 0.13046875
1 0.671875 0.78671875 0.0859375 0.1875
6 0.82265625 0.8125 0.14375 0.184375