1 0.3609375 0.38828125 0.09921875 0.15078125
6 0.19765625 0.503125 0.09921875 0.12109375
6 0.08359375 0.49609375 0.1109375 0.19609375
6 0.09765625 0.57890625 0.11640625 0.21328125
5 0.4734375 0.5171875 0.0984375 0.14921875
3 0.3890625 0.48125 0.08671875 0.09453125
1 0.59453125 0.39765625 0.0484375 0.14140625
1 0.60078125 0.53046875 0.090625 0.1890625
3 0.5375 0.49453125 0.0625 0.09921875
1 0.65625 0.496875 0.065625 0.1515625
5 0.51875 0.4046875 0.04296875 0.09296875
3 0.68046875 0.45234375 0.07265625 0.10390625
3 0.709375 0.43984375 0.06484375 0.08828125
5 0.1828125 0.6703125 0.14140625 0.20859375
5 0.365625 0.60703125 0.13125 0.2265625
5 0.43984375 0.45625 0.06484375 0.1
3 0.490625 0.43125 0.0671875 0.07421875
2 0.7984375 0.48671875 0.14375 0.153125
2 0.83828125 0.4640625 0.09453125 0.12421875