2 0.55078125 0.5234375 0.08359375 0.109375
2 0.38046875 0.79296875 0.19921875 0.19296875
1 0.896875 0.66640625 0.1453125 0.2046875
1 0.33828125 0.5828125 0.13046875 0.196875
6 0.7328125 0.7328125 0.15859375 0.19140625
2 0.353125 0.49609375 0.06953125 0.07734375
3 0.16328125 0.67421875 0.146875 0.09296875
6 0.24609375 0.50859375 0.0765625 0.07578125
3 0.60390625 0.503125 0.07265625 0.05859375
6 0.6421875 0.6171875 0.1421875 0.13125
2 0.18046875 0.5421875 0.11015625 0.14921875
2 0.784375 0.5953125 0.13203125 0.1234375
6 0.675 0.53046875 0.12109375 0.09765625