1 0.22890625 0.496875 0.0671875 0.13359375
1 0.29140625 0.48046875 0.084375 0.14609375
3 0.4078125 0.55234375 0.10078125 0.1296875
3 0.440625 0.490625 0.0671875 0.06015625
3 0.50546875 0.51953125 0.09453125 0.10625
3 0.57109375 0.72734375 0.203125 0.22890625
3 0.81328125 0.5796875 0.10625 0.14296875
3 0.584375 0.4546875 0.05703125 0.05390625
5 0.71484375 0.56796875 0.1078125 0.15546875
1 0.68515625 0.4765625 0.04453125 0.08984375
1 0.696875 0.4359375 0.0515625 0.07265625
1 0.78515625 0.459375 0.06875 0.1171875
1 0.859375 0.48046875 0.065625 0.1265625