3 0.09375 0.49140625 0.159375 0.175
5 0.18828125 0.51875 0.14609375 0.26640625
5 0.33046875 0.47578125 0.090625 0.18046875
3 0.4484375 0.4578125 0.08984375 0.11953125
3 0.353125 0.428125 0.06640625 0.09296875
5 0.4390625 0.57578125 0.12890625 0.19609375
5 0.578125 0.6328125 0.11171875 0.29765625
2 0.52890625 0.51640625 0.05546875 0.15625
3 0.63359375 0.49140625 0.06328125 0.09765625
6 0.76171875 0.5078125 0.09609375 0.15703125
5 0.71796875 0.446875 0.0625 0.0953125
2 0.8125 0.44609375 0.0546875 0.1109375