5 0.4140625 0.725 0.13125 0.19296875
5 0.25859375 0.59765625 0.13671875 0.16875
6 0.24609375 0.75703125 0.14609375 0.2359375
6 0.3671875 0.51640625 0.08828125 0.1265625
6 0.39140625 0.5859375 0.103125 0.14296875
6 0.30859375 0.4734375 0.0625 0.0859375
2 0.3796875 0.46328125 0.07421875 0.08828125
2 0.58125 0.45078125 0.08515625 0.090625
2 0.64140625 0.5 0.07734375 0.096875
2 0.721875 0.559375 0.125 0.15390625
2 0.675 0.69296875 0.1203125 0.21171875
1 0.60859375 0.5453125 0.1453125 0.2546875
3 0.80546875 0.7 0.1328125 0.13984375
3 0.546875 0.52109375 0.06875 0.09453125