6 0.22109375 0.4390625 0.1234375 0.11328125
6 0.1140625 0.51015625 0.10546875 0.184375
5 0.38125 0.56015625 0.14140625 0.228125
5 0.1828125 0.6109375 0.18203125 0.259375
5 0.4890625 0.44765625 0.09140625 0.13515625
3 0.28515625 0.53125 0.11875 0.11796875
3 0.56015625 0.44765625 0.078125 0.06953125
3 0.409375 0.41953125 0.10546875 0.0671875
3 0.51171875 0.3734375 0.0625 0.0625
3 0.71171875 0.41015625 0.0734375 0.07578125
2 0.86015625 0.41484375 0.07265625 0.11328125
2 0.8171875 0.41953125 0.11796875 0.1296875
1 0.67578125 0.4390625 0.06484375 0.1671875
1 0.62109375 0.45703125 0.096875 0.20078125
1 0.61875 0.3265625 0.0546875 0.1171875
1 0.57109375 0.35390625 0.04765625 0.1328125
1 0.38984375 0.3328125 0.0578125 0.12734375