3 0.15625 0.5640625 0.10859375 0.1078125
3 0.253125 0.5671875 0.09921875 0.09609375
1 0.25078125 0.44609375 0.10390625 0.12578125
3 0.3109375 0.50546875 0.0984375 0.10078125
2 0.32578125 0.446875 0.06875 0.08515625
5 0.41328125 0.58046875 0.08515625 0.1484375
6 0.5140625 0.575 0.12578125 0.140625
3 0.4515625 0.528125 0.07578125 0.07578125
3 0.4609375 0.49453125 0.07109375 0.059375
5 0.5328125 0.51328125 0.075 0.07421875
1 0.4796875 0.44609375 0.06328125 0.1109375
3 0.7796875 0.61171875 0.1203125 0.1390625
1 0.853125 0.5 0.14453125 0.15859375
3 0.72265625 0.51796875 0.0796875 0.0875
2 0.7828125 0.49296875 0.08828125 0.10234375
6 0.73125 0.471875 0.06796875 0.07890625
5 0.67109375 0.48515625 0.0609375 0.0875
3 0.69921875 0.45390625 0.0375 0.06328125
2 0.640625 0.453125 0.05 0.0515625