1 0.4 0.7328125 0.15625 0.253125
1 0.2265625 0.4859375 0.09296875 0.16171875
1 0.49765625 0.50859375 0.0703125 0.14609375
1 0.52734375 0.43671875 0.05234375 0.10546875
3 0.5828125 0.6046875 0.10546875 0.121875
3 0.58515625 0.51953125 0.0890625 0.08515625
3 0.78046875 0.6890625 0.13046875 0.15
2 0.25390625 0.746875 0.14375 0.23125
2 0.3125 0.54453125 0.08515625 0.1328125
6 0.3234375 0.43671875 0.05625 0.0921875
5 0.38515625 0.44140625 0.05078125 0.07578125
6 0.659375 0.690625 0.11328125 0.21015625