1 0.29765625 0.68984375 0.1328125 0.21171875
6 0.3125 0.61171875 0.11796875 0.12734375
6 0.67421875 0.70234375 0.12265625 0.13515625
6 0.69765625 0.58515625 0.1015625 0.12578125
5 0.54453125 0.53046875 0.059375 0.1265625
5 0.39453125 0.540625 0.06171875 0.08984375
2 0.5796875 0.48125 0.05625 0.0859375
2 0.61640625 0.525 0.0625 0.084375
3 0.76796875 0.68984375 0.0796875 0.10859375
5 0.32109375 0.51953125 0.06875 0.103125
1 0.33359375 0.4703125 0.05703125 0.09921875
3 0.4046875 0.515625 0.07421875 0.05