5 0.3515625 0.7015625 0.1140625 0.17734375
1 0.1875 0.71015625 0.140625 0.18984375
5 0.24765625 0.6296875 0.1078125 0.14765625
1 0.34609375 0.59375 0.09375 0.11796875
3 0.3578125 0.53046875 0.0703125 0.05546875
1 0.26875 0.5 0.0875 0.1
2 0.628125 0.69453125 0.0890625 0.16015625
2 0.759375 0.67578125 0.0984375 0.1640625
6 0.56640625 0.5953125 0.08515625 0.15078125
5 0.67890625 0.6015625 0.0953125 0.121875
5 0.609375 0.53828125 0.05078125 0.09375
1 0.515625 0.5046875 0.06640625 0.1328125
5 0.565625 0.4953125 0.0546875 0.07265625