5 0.89375 0.7109375 0.1609375 0.15703125
6 0.1265625 0.7546875 0.17734375 0.20546875
3 0.66875 0.5515625 0.08671875 0.08046875
1 0.59453125 0.56796875 0.0953125 0.153125
5 0.76875 0.6015625 0.1390625 0.1359375
6 0.47890625 0.48671875 0.0640625 0.09609375
5 0.3390625 0.74296875 0.15703125 0.165625
5 0.65703125 0.68671875 0.11328125 0.18203125
5 0.52421875 0.5171875 0.07578125 0.10859375
2 0.29921875 0.540625 0.1015625 0.10703125
5 0.31015625 0.63359375 0.140625 0.128125
5 0.15234375 0.63359375 0.16796875 0.16015625