5 0.17734375 0.7453125 0.15390625 0.23828125
3 0.35859375 0.6328125 0.16640625 0.09375
5 0.3703125 0.69765625 0.1484375 0.1890625
1 0.2859375 0.50390625 0.140625 0.14921875
2 0.37890625 0.44296875 0.09296875 0.11328125
6 0.18046875 0.6171875 0.1515625 0.13359375
5 0.4546875 0.4609375 0.0875 0.11328125
6 0.5140625 0.5203125 0.0984375 0.096875
2 0.66171875 0.52109375 0.153125 0.09375
3 0.609375 0.6015625 0.11484375 0.11640625
2 0.72890625 0.659375 0.18203125 0.18359375
5 0.88359375 0.63671875 0.20078125 0.17734375