1 0.3625 0.53359375 0.07421875 0.1734375
1 0.37734375 0.4671875 0.04296875 0.1015625
3 0.240625 0.58203125 0.12421875 0.134375
5 0.0953125 0.56796875 0.10859375 0.14921875
5 0.73515625 0.6078125 0.11875 0.11875
5 0.85703125 0.6046875 0.14140625 0.13828125
5 0.6890625 0.5203125 0.06875 0.08203125
6 0.76484375 0.5234375 0.0609375 0.08359375
1 0.70078125 0.4390625 0.0359375 0.09140625
3 0.51171875 0.50390625 0.07265625 0.05546875
6 0.43046875 0.52109375 0.05546875 0.06796875
3 0.49453125 0.55390625 0.08203125 0.08203125