1 0.13046875 0.721875 0.1921875 0.1921875
5 0.33125 0.59765625 0.109375 0.146875
5 0.3125 0.53359375 0.096875 0.09765625
3 0.1546875 0.56328125 0.11875 0.07890625
2 0.17734375 0.61484375 0.14765625 0.15234375
3 0.21640625 0.50859375 0.1140625 0.0578125
1 0.31640625 0.46875 0.09375 0.09921875
6 0.36171875 0.765625 0.18203125 0.2125
1 0.69921875 0.6515625 0.1140625 0.2109375
3 0.78671875 0.60390625 0.13125 0.08046875
6 0.56171875 0.51328125 0.0875 0.10625
1 0.6546875 0.4796875 0.08125 0.11875
3 0.59296875 0.478125 0.08671875 0.06328125
1 0.91328125 0.65625 0.1734375 0.1875