3 0.078125 0.46328125 0.1265625 0.10234375
6 0.22734375 0.4890625 0.1640625 0.17109375
5 0.10078125 0.61484375 0.20078125 0.2609375
5 0.39765625 0.409375 0.07890625 0.140625
5 0.46875 0.3984375 0.06171875 0.09453125
6 0.503125 0.43984375 0.09375 0.1296875
1 0.621875 0.35703125 0.0625 0.16171875
1 0.55546875 0.371875 0.0921875 0.16328125
5 0.70234375 0.4015625 0.0640625 0.09296875
5 0.7546875 0.39296875 0.06796875 0.1015625
2 0.8609375 0.4625 0.0921875 0.11171875
2 0.92734375 0.41796875 0.09609375 0.12734375