2 0.09921875 0.61328125 0.16875 0.21953125
1 0.27421875 0.59453125 0.16796875 0.25
3 0.38515625 0.59375 0.10234375 0.1359375
2 0.2171875 0.5375 0.140625 0.1546875
2 0.3171875 0.48359375 0.09609375 0.153125
3 0.3828125 0.45859375 0.0796875 0.11875
5 0.43359375 0.4953125 0.10625 0.12578125
5 0.5125 0.47578125 0.103125 0.15703125
6 0.6359375 0.71875 0.1609375 0.21875
2 0.82734375 0.73671875 0.13203125 0.2140625
2 0.65625 0.58046875 0.1109375 0.18671875
3 0.6828125 0.47109375 0.08515625 0.0609375
2 0.659375 0.50078125 0.109375 0.10390625
2 0.8125 0.615625 0.14609375 0.13828125