1 0.26953125 0.5515625 0.0796875 0.1015625
2 0.3765625 0.83671875 0.1390625 0.18828125
1 0.2296875 0.6609375 0.13046875 0.18671875
2 0.63359375 0.61484375 0.08359375 0.109375
5 0.66328125 0.7875 0.11015625 0.15859375
1 0.56484375 0.63359375 0.08984375 0.16328125
6 0.19296875 0.84296875 0.134375 0.2125
3 0.49765625 0.59296875 0.059375 0.05546875
6 0.5265625 0.61796875 0.0625 0.13125
5 0.7703125 0.734375 0.0921875 0.14921875
2 0.68125 0.68125 0.08125 0.14609375
2 0.359375 0.6921875 0.08671875 0.18828125
6 0.35390625 0.62265625 0.08671875 0.14375