1 0.23046875 0.484375 0.0953125 0.16171875
3 0.69375 0.6921875 0.15 0.0890625
2 0.3671875 0.49140625 0.08984375 0.0765625
2 0.54453125 0.51328125 0.07265625 0.08984375
3 0.74765625 0.5875 0.1203125 0.07890625
1 0.6421875 0.490625 0.078125 0.109375
5 0.615625 0.56875 0.09296875 0.115625
1 0.8421875 0.634375 0.12890625 0.18984375
3 0.58359375 0.49453125 0.05703125 0.05625
3 0.41328125 0.73125 0.165625 0.11484375
2 0.23046875 0.7359375 0.17109375 0.16484375
6 0.37109375 0.5984375 0.10234375 0.12890625
5 0.278125 0.49296875 0.05390625 0.0703125