1 0.27578125 0.43984375 0.09296875 0.2015625
1 0.3859375 0.4671875 0.08515625 0.21875
1 0.646875 0.384375 0.06953125 0.1515625
1 0.73828125 0.375 0.06328125 0.13828125
5 0.12734375 0.45 0.08046875 0.11015625
2 0.0359375 0.44921875 0.07109375 0.121875
2 0.08828125 0.58125 0.1453125 0.16328125
2 0.24921875 0.5796875 0.16640625 0.17265625
3 0.81640625 0.53125 0.121875 0.11171875
3 0.8734375 0.63515625 0.1875 0.13515625
3 0.709375 0.634375 0.17109375 0.13359375
3 0.6984375 0.53515625 0.16640625 0.1125