6 0.92578125 0.64453125 0.1484375 0.2109375
2 0.6734375 0.47578125 0.0984375 0.1046875
2 0.32890625 0.74453125 0.2015625 0.21328125
1 0.57421875 0.3953125 0.0796875 0.1046875
6 0.08515625 0.76328125 0.16953125 0.2421875
6 0.5234375 0.48671875 0.08671875 0.12578125
1 0.76953125 0.50234375 0.13125 0.171875
1 0.25546875 0.43515625 0.10703125 0.09765625
1 0.1015625 0.434375 0.1296875 0.16640625
5 0.26640625 0.5046875 0.12265625 0.1234375
3 0.47578125 0.44453125 0.071875 0.059375
2 0.30390625 0.59921875 0.18828125 0.115625
5 0.11953125 0.5828125 0.17265625 0.17578125