3 0.08515625 0.63515625 0.096875 0.08671875
3 0.19765625 0.62265625 0.09453125 0.08359375
3 0.54921875 0.66640625 0.12734375 0.1046875
3 0.653125 0.57890625 0.09140625 0.0625
3 0.82109375 0.59140625 0.0796875 0.06171875
3 0.57421875 0.553125 0.07421875 0.0546875
1 0.67578125 0.5046875 0.0421875 0.12265625
1 0.88984375 0.59453125 0.0859375 0.15859375
1 0.92890625 0.58828125 0.0640625 0.14375
5 0.7078125 0.690625 0.1390625 0.1578125
5 0.14140625 0.66484375 0.10546875 0.13671875
6 0.2515625 0.6453125 0.1109375 0.13359375
6 0.346875 0.690625 0.14609375 0.17734375
6 0.51875 0.5828125 0.08125 0.09765625
2 0.4453125 0.60078125 0.07265625 0.0953125
2 0.603125 0.60546875 0.08515625 0.1375