5 0.17109375 0.54296875 0.1203125 0.16953125
5 0.37734375 0.38671875 0.0671875 0.11875
5 0.73515625 0.40703125 0.09375 0.125
5 0.48125 0.4109375 0.08359375 0.10390625
3 0.43671875 0.3765625 0.0625 0.05234375
3 0.5484375 0.38125 0.08125 0.0625
3 0.25703125 0.49453125 0.11953125 0.08046875
3 0.696875 0.53984375 0.14296875 0.10078125
6 0.38515625 0.4953125 0.1703125 0.13984375
6 0.2859375 0.615625 0.18203125 0.1765625
1 0.86328125 0.33359375 0.11953125 0.16328125
5 0.8640625 0.43828125 0.12109375 0.1109375
1 0.87734375 0.628125 0.1703125 0.234375
1 0.62890625 0.59921875 0.16484375 0.2109375
6 0.8515625 0.5375 0.1109375 0.18359375