1 0.75390625 0.590625 0.10859375 0.21953125
2 0.6421875 0.6578125 0.12890625 0.1875
5 0.6734375 0.51953125 0.09296875 0.14140625
1 0.56796875 0.53125 0.0921875 0.16484375
6 0.49921875 0.48671875 0.0734375 0.125
2 0.58671875 0.4796875 0.05625 0.10234375
2 0.38671875 0.4125 0.0734375 0.08828125
2 0.31875 0.4046875 0.0671875 0.1
1 0.2125 0.471875 0.10703125 0.14375
1 0.35625 0.5203125 0.09765625 0.1640625
3 0.22734375 0.6140625 0.11328125 0.08515625
2 0.253125 0.721875 0.1390625 0.21640625
2 0.4125 0.6953125 0.1625 0.19296875