1 0.20390625 0.75 0.134375 0.2578125
6 0.4015625 0.78125 0.14765625 0.22109375
5 0.37890625 0.6046875 0.09921875 0.14921875
3 0.23515625 0.56640625 0.084375 0.09296875
3 0.28984375 0.50703125 0.08828125 0.06953125
1 0.365625 0.4546875 0.07734375 0.1328125
5 0.36171875 0.5265625 0.0859375 0.1046875
6 0.52890625 0.51796875 0.0453125 0.15546875
1 0.62265625 0.471875 0.07109375 0.11796875
3 0.578125 0.49453125 0.05546875 0.06953125
3 0.725 0.59140625 0.09140625 0.13671875
1 0.646875 0.61875 0.11171875 0.190625
1 0.81796875 0.63515625 0.1703125 0.21875