1 0.16796875 0.628125 0.153125 0.2859375
1 0.66484375 0.72109375 0.17734375 0.29609375
1 0.72890625 0.49609375 0.128125 0.2125
1 0.765625 0.4203125 0.096875 0.13671875
5 0.35078125 0.70546875 0.1296875 0.259375
5 0.48046875 0.51875 0.09609375 0.1578125
5 0.54375 0.48203125 0.084375 0.1421875
3 0.265625 0.61015625 0.0984375 0.11328125
3 0.43046875 0.4875 0.065625 0.0875
3 0.7234375 0.66328125 0.10546875 0.11953125
6 0.36015625 0.50703125 0.10859375 0.140625
6 0.87890625 0.81875 0.16328125 0.27890625
2 0.865625 0.67421875 0.15390625 0.209375
1 0.87421875 0.53359375 0.12421875 0.140625