5 0.4109375 0.590625 0.1078125 0.15546875
5 0.51953125 0.50546875 0.06171875 0.0796875
5 0.66015625 0.48515625 0.0546875 0.0890625
5 0.78515625 0.56328125 0.10234375 0.134375
1 0.88203125 0.528125 0.09765625 0.184375
1 0.4609375 0.42734375 0.05390625 0.09609375
5 0.70703125 0.5203125 0.0578125 0.10546875
3 0.45078125 0.4953125 0.0828125 0.0484375
3 0.44609375 0.54453125 0.08828125 0.05703125
3 0.2890625 0.509375 0.1140625 0.078125
3 0.2140625 0.5640625 0.10546875 0.09140625
3 0.11171875 0.5578125 0.1203125 0.06875
1 0.23203125 0.440625 0.07890625 0.13046875