5 0.1875 0.62421875 0.16953125 0.21328125
3 0.18125 0.4703125 0.084375 0.1109375
3 0.0828125 0.4453125 0.07578125 0.090625
3 0.09296875 0.52265625 0.10078125 0.1015625
5 0.42578125 0.46640625 0.0859375 0.11796875
1 0.46015625 0.3875 0.07890625 0.18828125
3 0.42421875 0.5546875 0.13359375 0.1140625
5 0.71953125 0.41796875 0.06640625 0.1328125
5 0.65234375 0.46953125 0.06640625 0.125
5 0.6265625 0.42265625 0.06796875 0.12421875
2 0.69375 0.51328125 0.1171875 0.1296875
5 0.809375 0.50703125 0.1046875 0.14765625
6 0.70234375 0.60546875 0.1421875 0.15234375
2 0.88359375 0.59296875 0.1484375 0.18046875