5 0.3296875 0.80078125 0.19140625 0.25546875
1 0.24609375 0.5640625 0.11015625 0.184375
5 0.36015625 0.64140625 0.12421875 0.178125
1 0.5359375 0.6 0.09765625 0.2265625
5 0.70703125 0.6828125 0.1375 0.2
1 0.4578125 0.55546875 0.09140625 0.21328125
2 0.640625 0.57734375 0.096875 0.15
2 0.1640625 0.6265625 0.140625 0.1515625
2 0.79609375 0.5625 0.06796875 0.10625
5 0.8328125 0.53984375 0.0625 0.109375
5 0.67109375 0.53046875 0.0734375 0.1015625
1 0.70703125 0.4953125 0.05703125 0.14453125
2 0.9265625 0.609375 0.11796875 0.13125
2 0.965625 0.5734375 0.06875 0.096875