6 0.75546875 0.57265625 0.14765625 0.13984375
6 0.1734375 0.8265625 0.17734375 0.24609375
3 0.33515625 0.646875 0.15390625 0.08671875
3 0.2796875 0.55703125 0.1203125 0.075
5 0.2515625 0.44296875 0.075 0.08828125
1 0.14453125 0.5703125 0.14765625 0.2046875
5 0.4828125 0.50703125 0.08515625 0.103125
1 0.5765625 0.55859375 0.08203125 0.14140625
5 0.58515625 0.4984375 0.0734375 0.08359375
3 0.34921875 0.453125 0.0859375 0.05546875
3 0.734375 0.6984375 0.15234375 0.12109375
2 0.85546875 0.665625 0.13359375 0.17109375