1 0.221875 0.6859375 0.121875 0.23515625
5 0.3875 0.6859375 0.1046875 0.15390625
2 0.328125 0.53984375 0.065625 0.13828125
5 0.35234375 0.60078125 0.06171875 0.159375
5 0.25 0.50625 0.06484375 0.0796875
3 0.471875 0.503125 0.05546875 0.06171875
1 0.5078125 0.48828125 0.065625 0.1484375
5 0.59140625 0.5140625 0.06015625 0.09296875
2 0.5515625 0.48984375 0.05 0.08515625
3 0.57421875 0.609375 0.09921875 0.09921875
3 0.690625 0.5859375 0.0921875 0.0734375
1 0.6515625 0.63984375 0.08828125 0.16796875
3 0.7875 0.67109375 0.1296875 0.1015625