5 0.21796875 0.4546875 0.10546875 0.1265625
5 0.16875 0.53203125 0.12578125 0.190625
5 0.2875 0.5015625 0.09921875 0.14765625
5 0.5484375 0.3640625 0.05234375 0.0984375
6 0.31171875 0.68828125 0.23359375 0.2671875
6 0.47109375 0.59609375 0.17890625 0.2625
6 0.59296875 0.44140625 0.084375 0.1296875
6 0.48046875 0.40390625 0.0640625 0.10234375
6 0.42265625 0.42421875 0.08984375 0.1171875
3 0.528125 0.48359375 0.125 0.09375
5 0.70078125 0.40234375 0.10390625 0.10078125
1 0.7234375 0.3609375 0.04765625 0.11875
3 0.84453125 0.47109375 0.14609375 0.08359375
3 0.890625 0.4421875 0.06640625 0.071875
2 0.65625 0.534375 0.12265625 0.16796875
2 0.7359375 0.4890625 0.12265625 0.1328125