5 0.30625 0.465625 0.08203125 0.1109375
5 0.30546875 0.36640625 0.0859375 0.1171875
5 0.54609375 0.48046875 0.0484375 0.13515625
5 0.73125 0.57265625 0.09609375 0.14453125
5 0.22734375 0.509375 0.08984375 0.13203125
2 0.2296875 0.68125 0.14921875 0.20234375
2 0.3984375 0.3703125 0.1234375 0.121875
2 0.4859375 0.4546875 0.07734375 0.1109375
1 0.5453125 0.38359375 0.06484375 0.1125
6 0.43828125 0.675 0.13828125 0.27578125
5 0.3625 0.5328125 0.10078125 0.134375
1 0.6171875 0.57265625 0.11171875 0.18125
6 0.6703125 0.48203125 0.08671875 0.18515625