2 0.2171875 0.7328125 0.1671875 0.1828125
3 0.40546875 0.74765625 0.1796875 0.14140625
6 0.38515625 0.6078125 0.12109375 0.1171875
1 0.23359375 0.4890625 0.09453125 0.1484375
3 0.35234375 0.5515625 0.078125 0.06953125
2 0.365625 0.490625 0.0796875 0.0765625
5 0.2796875 0.49140625 0.05703125 0.07265625
2 0.5546875 0.5203125 0.0765625 0.0890625
1 0.64296875 0.4859375 0.0734375 0.10234375
5 0.63359375 0.58515625 0.09921875 0.13359375
3 0.7046875 0.7046875 0.16015625 0.11640625
1 0.85234375 0.64453125 0.1328125 0.2109375