6 0.10390625 0.4765625 0.13515625 0.1890625
6 0.14609375 0.55703125 0.15 0.21015625
5 0.22265625 0.64609375 0.16171875 0.246875
5 0.41328125 0.5875 0.14765625 0.23203125
3 0.31484375 0.5390625 0.14140625 0.1484375
6 0.25234375 0.459375 0.1125 0.146875
1 0.38671875 0.365625 0.1109375 0.15
3 0.43046875 0.45234375 0.08203125 0.07578125
5 0.503125 0.4578125 0.0921875 0.1171875
3 0.57109375 0.45859375 0.07734375 0.09609375
3 0.53046875 0.40390625 0.0625 0.0671875
5 0.559375 0.3828125 0.0390625 0.08125
1 0.59765625 0.3828125 0.06875 0.11796875
1 0.634375 0.36953125 0.0515625 0.13359375
1 0.6375 0.5171875 0.08984375 0.23359375
1 0.68046875 0.47265625 0.06796875 0.18671875
3 0.72265625 0.43828125 0.06796875 0.08671875
5 0.7640625 0.4203125 0.05 0.0859375