1 0.32265625 0.75546875 0.1609375 0.25078125
5 0.16875 0.7203125 0.12109375 0.1375
2 0.0796875 0.88046875 0.159375 0.2046875
3 0.1890625 0.62734375 0.10390625 0.0609375
2 0.30234375 0.59140625 0.08515625 0.07734375
3 0.59140625 0.59453125 0.0734375 0.05859375
1 0.6546875 0.60234375 0.0796875 0.13359375
5 0.61484375 0.69375 0.12265625 0.13125
2 0.54453125 0.63359375 0.08671875 0.1265625
2 0.76015625 0.70078125 0.14140625 0.1421875
2 0.7265625 0.81796875 0.1515625 0.159375
3 0.8828125 0.81875 0.14609375 0.09453125