5 0.1546875 0.66953125 0.15859375 0.18515625
1 0.47578125 0.3890625 0.0546875 0.1296875
2 0.746875 0.5078125 0.1078125 0.11171875
5 0.53203125 0.41796875 0.0765625 0.08984375
5 0.21171875 0.5375 0.12421875 0.15546875
1 0.234375 0.4328125 0.11640625 0.165625
5 0.34453125 0.6765625 0.14453125 0.2109375
5 0.35546875 0.49921875 0.11640625 0.11875
3 0.3671875 0.60390625 0.14453125 0.0828125
3 0.40625 0.4359375 0.08515625 0.06015625
6 0.91171875 0.71171875 0.1625 0.1953125
5 0.71953125 0.70234375 0.18125 0.17421875