5 0.36875 0.6921875 0.1296875 0.2
6 0.20859375 0.678125 0.1671875 0.221875
5 0.2734375 0.56015625 0.14296875 0.15078125
5 0.346875 0.4625 0.07265625 0.125
6 0.41328125 0.57109375 0.09765625 0.140625
6 0.43203125 0.4890625 0.08515625 0.10859375
2 0.48125 0.44296875 0.06796875 0.09140625
6 0.39140625 0.4453125 0.0609375 0.09140625
2 0.6984375 0.4609375 0.08046875 0.10625
1 0.6546875 0.53671875 0.1046875 0.2125
2 0.7296875 0.5125 0.08984375 0.12109375
6 0.7796875 0.60390625 0.14296875 0.16484375
2 0.653125 0.715625 0.12734375 0.22265625
3 0.81875 0.75859375 0.14453125 0.13359375