2 0.4171875 0.61796875 0.109375 0.1484375
6 0.16015625 0.54453125 0.1109375 0.10234375
6 0.24921875 0.56484375 0.09609375 0.1234375
5 0.31875 0.51015625 0.0734375 0.09140625
1 0.4609375 0.48671875 0.06953125 0.190625
5 0.5296875 0.6078125 0.109375 0.1265625
5 0.7 0.54453125 0.05703125 0.11015625
5 0.79453125 0.6203125 0.12421875 0.1734375
3 0.66171875 0.52265625 0.04375 0.0703125
1 0.7125 0.46875 0.0578125 0.084375
1 0.77265625 0.503125 0.05625 0.11796875
2 0.52421875 0.4953125 0.0421875 0.07265625