1 0.11796875 0.7875 0.18125 0.21484375
6 0.13984375 0.6390625 0.11171875 0.13125
5 0.2890625 0.69375 0.08671875 0.125
5 0.33359375 0.7875 0.128125 0.18828125
6 0.72890625 0.79140625 0.14453125 0.165625
2 0.87109375 0.75546875 0.15546875 0.2
2 0.715625 0.684375 0.1125 0.11796875
5 0.56640625 0.6578125 0.10546875 0.121875
5 0.62578125 0.60625 0.07734375 0.08828125
1 0.49765625 0.57734375 0.08984375 0.1359375
1 0.553125 0.54375 0.0703125 0.11328125
3 0.45390625 0.58828125 0.059375 0.0546875
5 0.259375 0.58046875 0.07109375 0.0875
3 0.1859375 0.7328125 0.11171875 0.090625