3 0.65625 0.42578125 0.13125 0.08671875
3 0.65703125 0.5234375 0.12421875 0.0984375
6 0.71328125 0.28359375 0.0859375 0.1140625
1 0.6296875 0.28125 0.08828125 0.159375
1 0.43515625 0.3046875 0.08046875 0.12265625
5 0.85078125 0.48515625 0.1578125 0.17734375
3 0.74140625 0.34921875 0.0875 0.0671875
3 0.171875 0.52578125 0.165625 0.11171875
5 0.3515625 0.3234375 0.07109375 0.10859375
1 0.39453125 0.2796875 0.07109375 0.10078125
3 0.48671875 0.31171875 0.05546875 0.0578125
6 0.80546875 0.39453125 0.14296875 0.15703125
5 0.28828125 0.40390625 0.11875 0.146875
2 0.425 0.409375 0.0921875 0.13515625