2 0.13046875 0.778125 0.1453125 0.16328125
3 0.1640625 0.66875 0.1484375 0.10234375
2 0.17734375 0.53828125 0.1 0.15
1 0.32890625 0.575 0.13125 0.16484375
2 0.24140625 0.49609375 0.0796875 0.0828125
2 0.34375 0.48359375 0.075 0.075
2 0.3765625 0.78046875 0.1765625 0.17734375
2 0.6078125 0.48515625 0.07734375 0.084375
2 0.55390625 0.5140625 0.08125 0.11171875
2 0.68046875 0.5265625 0.1046875 0.1
6 0.6375 0.609375 0.1171875 0.12421875
2 0.78828125 0.59296875 0.12890625 0.1390625
6 0.7359375 0.71640625 0.16015625 0.20703125
1 0.8984375 0.65625 0.159375 0.19921875