3 0.084375 0.5328125 0.16640625 0.13125
5 0.19921875 0.42421875 0.146875 0.146875
5 0.2890625 0.3453125 0.1015625 0.12421875
1 0.34140625 0.2890625 0.08828125 0.1109375
3 0.4765625 0.325 0.08671875 0.08125
1 0.3984375 0.31953125 0.10390625 0.121875
2 0.38828125 0.42265625 0.12265625 0.1296875
2 0.30234375 0.53046875 0.19296875 0.2046875
1 0.659375 0.29296875 0.121875 0.14921875
6 0.75703125 0.29375 0.10703125 0.1140625
3 0.8078125 0.365625 0.13046875 0.08046875
3 0.70859375 0.43515625 0.1796875 0.10703125
6 0.86328125 0.40625 0.15703125 0.1484375
3 0.70234375 0.5328125 0.17265625 0.13515625
5 0.9265625 0.4984375 0.14609375 0.1984375