5 0.2234375 0.7328125 0.1296875 0.19140625
6 0.38671875 0.78515625 0.17109375 0.16328125
5 0.36875 0.6296875 0.1109375 0.1171875
1 0.26171875 0.4671875 0.11328125 0.12578125
3 0.359375 0.49765625 0.09296875 0.10859375
3 0.3515625 0.54296875 0.090625 0.0890625
6 0.46875 0.46953125 0.0671875 0.146875
1 0.5203125 0.496875 0.08671875 0.14296875
6 0.59140625 0.58515625 0.11015625 0.17265625
5 0.69453125 0.58515625 0.096875 0.12421875
3 0.6625 0.74140625 0.1140625 0.10078125
3 0.78984375 0.72578125 0.11875 0.12265625