6 0.31171875 0.68984375 0.20234375 0.27421875
6 0.4765625 0.6359375 0.15234375 0.26953125
3 0.8484375 0.4765625 0.0671875 0.0609375
2 0.6453125 0.53828125 0.11171875 0.109375
2 0.71640625 0.5125 0.109375 0.11640625
6 0.578125 0.4578125 0.0890625 0.10078125
3 0.49921875 0.4984375 0.08203125 0.06015625
6 0.4109375 0.43984375 0.0765625 0.09140625
6 0.47734375 0.42890625 0.0671875 0.1015625
5 0.53359375 0.38203125 0.0546875 0.07578125
5 0.69453125 0.415625 0.0890625 0.07734375
5 0.1515625 0.5546875 0.12734375 0.1828125
5 0.21171875 0.4703125 0.08984375 0.1265625