6 0.3609375 0.4890625 0.10859375 0.1078125
5 0.8453125 0.65078125 0.13359375 0.16015625
3 0.36171875 0.5890625 0.134375 0.08671875
2 0.14453125 0.68671875 0.16015625 0.20390625
6 0.478125 0.39140625 0.06328125 0.0765625
3 0.33125 0.73125 0.18515625 0.11640625
6 0.7234375 0.49921875 0.10078125 0.09921875
5 0.2171875 0.52421875 0.1125 0.140625
1 0.678125 0.65234375 0.1828125 0.19921875
5 0.40546875 0.37734375 0.06640625 0.08203125
5 0.63671875 0.5359375 0.0796875 0.125
3 0.58828125 0.50234375 0.11171875 0.078125