1 0.59375 0.5890625 0.12890625 0.20078125
5 0.48203125 0.41015625 0.0578125 0.09921875
5 0.25859375 0.546875 0.10234375 0.15625
6 0.34375 0.6078125 0.13515625 0.16953125
3 0.32734375 0.49921875 0.09375 0.08359375
6 0.41171875 0.48984375 0.115625 0.12734375
1 0.7671875 0.33203125 0.0890625 0.146875
5 0.409375 0.3890625 0.065625 0.10078125
1 0.7890625 0.61171875 0.1359375 0.22578125
5 0.678125 0.40546875 0.07578125 0.11796875
3 0.6609375 0.54140625 0.0984375 0.1
3 0.534375 0.38125 0.06640625 0.059375
3 0.44921875 0.38046875 0.0546875 0.0546875