1 0.10234375 0.4921875 0.09609375 0.134375
1 0.20078125 0.48203125 0.084375 0.15625
6 0.13046875 0.578125 0.13984375 0.13046875
5 0.22265625 0.54765625 0.10703125 0.12265625
3 0.34921875 0.64921875 0.1828125 0.121875
5 0.221875 0.70546875 0.171875 0.2796875
2 0.434375 0.53671875 0.0828125 0.1125
6 0.52890625 0.5640625 0.09375 0.1
1 0.59140625 0.4375 0.04453125 0.11484375
1 0.66640625 0.5515625 0.07578125 0.22734375
5 0.8796875 0.5765625 0.0921875 0.11484375
5 0.934375 0.546875 0.09609375 0.11328125
6 0.7921875 0.515625 0.059375 0.08671875
3 0.6125 0.57265625 0.09140625 0.075