5 0.22109375 0.6453125 0.16875 0.2671875
5 0.40859375 0.590625 0.14453125 0.23359375
5 0.50078125 0.47890625 0.0890625 0.13828125
3 0.309375 0.559375 0.12109375 0.11328125
3 0.42578125 0.4625 0.0953125 0.084375
3 0.57109375 0.48515625 0.075 0.07578125
3 0.525 0.41015625 0.06484375 0.0578125
3 0.72109375 0.44453125 0.07421875 0.07421875
6 0.11484375 0.4828125 0.090625 0.15078125
6 0.2453125 0.48125 0.1 0.10859375
6 0.140625 0.553125 0.1234375 0.1984375
1 0.63828125 0.50078125 0.08671875 0.20234375
1 0.6875 0.47890625 0.04921875 0.16953125
1 0.6328125 0.3765625 0.03984375 0.134375
1 0.59765625 0.3890625 0.04765625 0.12578125
1 0.39609375 0.37734375 0.07890625 0.13359375
2 0.47265625 0.42578125 0.046875 0.0890625
5 0.75625 0.4203125 0.05390625 0.08671875
2 0.82109375 0.4546875 0.090625 0.13828125
2 0.86953125 0.44765625 0.07265625 0.115625