1 0.37421875 0.3484375 0.071875 0.1765625
6 0.19375 0.6 0.13515625 0.15703125
5 0.35703125 0.596875 0.10625 0.128125
5 0.29375 0.48359375 0.08984375 0.1296875
2 0.4171875 0.50234375 0.06796875 0.13046875
6 0.42734375 0.38359375 0.053125 0.0765625
2 0.4578125 0.421875 0.059375 0.1125
2 0.49765625 0.37265625 0.06484375 0.075
2 0.71640625 0.384375 0.0765625 0.10546875
3 0.63359375 0.45078125 0.05859375 0.07109375
2 0.75 0.43828125 0.096875 0.1078125
6 0.64375 0.5046875 0.103125 0.14375
2 0.625 0.6390625 0.09375 0.16796875
3 0.78125 0.66796875 0.13046875 0.11875