1 0.16796875 0.5671875 0.20390625 0.17109375
1 0.48828125 0.425 0.1046875 0.078125
1 0.67265625 0.44296875 0.09609375 0.11015625
1 0.71796875 0.41875 0.11015625 0.1125
5 0.81328125 0.48203125 0.1125 0.0765625
5 0.2578125 0.50546875 0.1359375 0.08984375
3 0.38046875 0.446875 0.1078125 0.05859375
3 0.3265625 0.4828125 0.09921875 0.05546875
3 0.70078125 0.5484375 0.159375 0.08046875
2 0.9203125 0.63671875 0.159375 0.13515625
2 0.709375 0.6390625 0.215625 0.17109375
2 0.42265625 0.5171875 0.11015625 0.115625
6 0.31875 0.61328125 0.19453125 0.18125
6 0.878125 0.5390625 0.14375 0.12890625