2 0.19453125 0.74921875 0.1578125 0.1921875
2 0.33515625 0.7109375 0.15078125 0.16796875
2 0.21484375 0.56875 0.09921875 0.1171875
5 0.16953125 0.6578125 0.2203125 0.17421875
5 0.05703125 0.61875 0.0765625 0.13125
6 0.4078125 0.59765625 0.08125 0.10703125
5 0.59375 0.60625 0.08359375 0.103125
1 0.53515625 0.534375 0.0625 0.1015625
5 0.6609375 0.68125 0.12109375 0.15078125
2 0.73046875 0.6546875 0.121875 0.15703125
2 0.61953125 0.559375 0.07890625 0.0875
2 0.77734375 0.565625 0.0921875 0.07578125
2 0.7296875 0.57578125 0.09453125 0.0890625
1 0.86484375 0.546875 0.10859375 0.13828125