2 0.196875 0.73828125 0.15390625 0.1828125
2 0.34375 0.72265625 0.15 0.196875
5 0.64453125 0.7109375 0.14453125 0.21484375
5 0.85625 0.62734375 0.11875 0.17734375
1 0.90390625 0.53046875 0.165625 0.1265625
1 0.409375 0.5953125 0.103125 0.146875
1 0.59140625 0.58125 0.11171875 0.14453125
5 0.60859375 0.50546875 0.10390625 0.10546875
1 0.534375 0.528125 0.096875 0.1125
6 0.16796875 0.57265625 0.103125 0.1484375
5 0.12109375 0.6484375 0.175 0.1765625
6 0.6390625 0.5640625 0.06796875 0.08515625
6 0.7734375 0.55703125 0.06640625 0.09453125
2 0.75546875 0.63671875 0.13203125 0.1109375