2 0.2453125 0.71875 0.128125 0.2421875
3 0.40703125 0.73515625 0.16796875 0.15390625
5 0.23359375 0.5625 0.10234375 0.16484375
3 0.36796875 0.609375 0.1171875 0.11328125
6 0.325 0.5109375 0.090625 0.10625
5 0.31328125 0.403125 0.059375 0.09765625
6 0.38046875 0.4125 0.0625 0.0921875
2 0.65078125 0.6484375 0.1203125 0.2234375
5 0.7796875 0.6265625 0.12421875 0.18125
5 0.55625 0.53515625 0.07734375 0.16328125
3 0.49765625 0.509375 0.08203125 0.10078125
6 0.590625 0.47578125 0.071875 0.09296875
5 0.52421875 0.425 0.07109375 0.09609375