1 0.3 0.39921875 0.1296875 0.2765625
1 0.11484375 0.3984375 0.09609375 0.2328125
1 0.5296875 0.3265625 0.0453125 0.13828125
1 0.64765625 0.31328125 0.04453125 0.1015625
1 0.6640625 0.44453125 0.071875 0.19609375
1 0.7171875 0.4125 0.0828125 0.16796875
5 0.2796875 0.62890625 0.18515625 0.24140625
2 0.2046875 0.3828125 0.08828125 0.125
5 0.4140625 0.41953125 0.0796875 0.14765625
5 0.4796875 0.384375 0.06875 0.10859375
3 0.5921875 0.34765625 0.0578125 0.04921875
6 0.528125 0.4421875 0.10859375 0.12890625
6 0.59453125 0.41640625 0.0828125 0.11953125
5 0.7578125 0.38125 0.05234375 0.09921875
2 0.89296875 0.42734375 0.0828125 0.10390625
2 0.83359375 0.4578125 0.09296875 0.13125