1 0.3625 0.509375 0.07734375 0.1234375
6 0.715625 0.584375 0.115625 0.13671875
3 0.659375 0.72109375 0.11015625 0.10078125
1 0.2953125 0.46484375 0.06953125 0.09765625
5 0.8140625 0.68125 0.125 0.15078125
3 0.615625 0.6140625 0.1125 0.0796875
5 0.24609375 0.615625 0.13125 0.1515625
3 0.6375 0.53046875 0.09609375 0.0578125
1 0.53671875 0.47890625 0.06953125 0.13515625
5 0.26640625 0.51640625 0.07578125 0.1
6 0.37890625 0.61015625 0.115625 0.15
2 0.4125 0.76640625 0.153125 0.18203125
6 0.5828125 0.46875 0.05390625 0.09765625
3 0.20390625 0.8 0.1796875 0.14453125