5 0.1515625 0.7 0.16484375 0.20390625
5 0.48671875 0.48046875 0.09296875 0.11328125
5 0.72265625 0.52109375 0.11015625 0.13671875
5 0.7015625 0.65859375 0.14921875 0.18984375
5 0.315625 0.55234375 0.134375 0.13828125
6 0.37578125 0.7125 0.18203125 0.21953125
2 0.35703125 0.41640625 0.07265625 0.07421875
2 0.6109375 0.4890625 0.1078125 0.09296875
3 0.14609375 0.6 0.1484375 0.0921875
3 0.59140625 0.5765625 0.13671875 0.0921875
3 0.27734375 0.42578125 0.0828125 0.06484375
6 0.1234375 0.50625 0.1484375 0.13359375