3 0.11484375 0.46640625 0.13046875 0.0875
6 0.25859375 0.47734375 0.1375 0.20625
5 0.13828125 0.62109375 0.209375 0.25546875
5 0.42578125 0.40234375 0.06953125 0.12734375
6 0.53515625 0.43984375 0.08984375 0.1203125
5 0.49375 0.38984375 0.05546875 0.11640625
1 0.58984375 0.36640625 0.09140625 0.1515625
1 0.6359375 0.3375 0.07578125 0.15390625
5 0.740625 0.40078125 0.075 0.090625
5 0.7890625 0.390625 0.046875 0.1109375
2 0.89140625 0.4546875 0.11015625 0.10625
2 0.95546875 0.4203125 0.0890625 0.11328125