2 0.390625 0.46328125 0.06953125 0.1203125
1 0.2609375 0.45234375 0.08046875 0.1921875
6 0.36171875 0.5203125 0.08203125 0.12578125
5 0.25859375 0.6015625 0.11796875 0.15234375
2 0.39765625 0.5984375 0.09921875 0.1578125
5 0.415625 0.71640625 0.12890625 0.1765625
6 0.209375 0.76015625 0.12890625 0.1953125
2 0.67734375 0.7 0.10078125 0.21015625
3 0.7921875 0.67890625 0.08359375 0.2125
1 0.6046875 0.54140625 0.07265625 0.13046875
3 0.546875 0.5265625 0.07109375 0.09375
2 0.58125 0.43203125 0.06953125 0.1453125