1 0.1296875 0.615625 0.1796875 0.19375
2 0.24453125 0.54296875 0.08984375 0.1484375
5 0.38125 0.42265625 0.0640625 0.08515625
6 0.4890625 0.425 0.0734375 0.09296875
2 0.428125 0.47421875 0.08203125 0.1125
5 0.3984375 0.5390625 0.0921875 0.134375
6 0.2984375 0.69296875 0.23828125 0.26796875
1 0.68828125 0.50234375 0.1703125 0.20078125
6 0.8390625 0.56796875 0.1203125 0.159375
6 0.80703125 0.49375 0.09140625 0.10234375
2 0.91640625 0.7296875 0.1671875 0.21171875
5 0.68046875 0.65234375 0.12265625 0.1953125