1 0.125 0.5921875 0.21484375 0.19765625
6 0.23828125 0.5171875 0.10703125 0.1453125
1 0.38515625 0.465625 0.1375 0.18046875
6 0.371875 0.6640625 0.165625 0.22734375
5 0.42265625 0.36875 0.071875 0.0921875
3 0.48671875 0.39140625 0.06953125 0.06015625
1 0.54609375 0.35625 0.0703125 0.115625
2 0.609375 0.4515625 0.0890625 0.13828125
3 0.73984375 0.4625 0.0875 0.08359375
6 0.71328125 0.64140625 0.134375 0.24296875
2 0.91640625 0.65234375 0.16640625 0.23984375
3 0.24296875 0.46953125 0.134375 0.0640625