2 0.1140625 0.6640625 0.19453125 0.1953125
1 0.2984375 0.6453125 0.18671875 0.2203125
5 0.2359375 0.55859375 0.15546875 0.121875
2 0.39140625 0.57421875 0.14140625 0.1234375
3 0.4421875 0.51484375 0.13671875 0.0859375
1 0.303125 0.42421875 0.13984375 0.1984375
2 0.3875 0.4375 0.08984375 0.109375
2 0.4953125 0.43984375 0.1234375 0.1
2 0.7203125 0.72890625 0.184375 0.2171875
6 0.91640625 0.75859375 0.1625 0.21484375
1 0.7109375 0.5109375 0.1109375 0.2078125
3 0.81171875 0.5125 0.103125 0.08828125
6 0.67109375 0.49765625 0.09609375 0.11875
2 0.65 0.43984375 0.08125 0.103125