1 0.2421875 0.68359375 0.15859375 0.21953125
1 0.39375 0.55625 0.10390625 0.13359375
1 0.371875 0.40546875 0.06015625 0.0859375
5 0.26953125 0.56796875 0.12421875 0.153125
6 0.26328125 0.48515625 0.0859375 0.12890625
3 0.30625 0.4546875 0.0703125 0.071875
5 0.41171875 0.70390625 0.13046875 0.1296875
6 0.6921875 0.66171875 0.12265625 0.19296875
6 0.82890625 0.6578125 0.1453125 0.19765625
3 0.61328125 0.57109375 0.11796875 0.10234375
2 0.55234375 0.46875 0.07109375 0.08984375
2 0.64296875 0.46484375 0.09375 0.09453125
6 0.51484375 0.42421875 0.06953125 0.09609375