2 0.18984375 0.81640625 0.1625 0.296875
5 0.38359375 0.7421875 0.13125 0.2984375
1 0.17890625 0.56484375 0.1390625 0.2171875
2 0.353125 0.615625 0.12890625 0.1625
1 0.1671875 0.4328125 0.1046875 0.1578125
1 0.1890625 0.390625 0.1 0.10859375
3 0.30703125 0.471875 0.09296875 0.0828125
2 0.33125 0.52265625 0.11328125 0.12890625
5 0.8140625 0.70078125 0.1984375 0.29140625
2 0.94140625 0.69921875 0.1171875 0.25546875
1 0.6265625 0.49140625 0.10625 0.3640625
2 0.8453125 0.5765625 0.09453125 0.18046875
2 0.715625 0.48828125 0.10625 0.15078125
3 0.51484375 0.46875 0.07109375 0.11171875
5 0.5671875 0.4953125 0.0796875 0.16953125
1 0.61328125 0.3484375 0.08125 0.12578125