1 0.275 0.42734375 0.13359375 0.13671875
1 0.578125 0.39296875 0.12109375 0.1953125
1 0.396875 0.675 0.19453125 0.29453125
1 0.95078125 0.5 0.0984375 0.25
6 0.9125 0.753125 0.17421875 0.19453125
6 0.1453125 0.82109375 0.27734375 0.24140625
2 0.14453125 0.64609375 0.2140625 0.17734375
2 0.14609375 0.5359375 0.1734375 0.14921875
6 0.37265625 0.60859375 0.18828125 0.1765625
6 0.34140625 0.53359375 0.13515625 0.14140625
2 0.78359375 0.60703125 0.16875 0.15859375
5 0.65 0.51484375 0.14765625 0.13984375
3 0.734375 0.47109375 0.11875 0.078125
3 0.82734375 0.53359375 0.1625 0.09375