5 0.38203125 0.40625 0.0578125 0.0578125
2 0.29140625 0.48046875 0.09375 0.1265625
5 0.165625 0.5046875 0.115625 0.11953125
3 0.17109375 0.60234375 0.1453125 0.09296875
5 0.36953125 0.565625 0.109375 0.1421875
3 0.40390625 0.7109375 0.19609375 0.1140625
3 0.1890625 0.76640625 0.24609375 0.128125
3 0.47578125 0.44375 0.07578125 0.05078125
1 0.6078125 0.4890625 0.10078125 0.1515625
3 0.75 0.665625 0.1609375 0.103125
6 0.88515625 0.6265625 0.13046875 0.15859375
5 0.65546875 0.47109375 0.0890625 0.06796875