1 0.0953125 0.38046875 0.1328125 0.240625
5 0.24921875 0.6125 0.13828125 0.2546875
5 0.390625 0.39765625 0.07734375 0.15546875
5 0.459375 0.3890625 0.07265625 0.1125
3 0.05625 0.38203125 0.078125 0.096875
6 0.5140625 0.46328125 0.09375 0.13359375
3 0.6171875 0.3984375 0.04921875 0.06015625
1 0.62890625 0.3359375 0.05625 0.109375
1 0.51875 0.33515625 0.05390625 0.11484375
3 0.571875 0.35703125 0.0453125 0.065625
1 0.66953125 0.40390625 0.0796875 0.13984375
5 0.728125 0.39609375 0.04609375 0.0875
2 0.82109375 0.471875 0.09453125 0.11953125
2 0.8890625 0.44296875 0.09453125 0.11328125