6 0.35859375 0.775 0.19765625 0.2234375
1 0.31640625 0.45859375 0.1125 0.1046875
3 0.22578125 0.5140625 0.096875 0.065625
3 0.159375 0.5671875 0.121875 0.078125
5 0.31796875 0.53671875 0.10390625 0.0984375
5 0.32890625 0.61328125 0.146875 0.125
1 0.64765625 0.48203125 0.0875 0.11875
3 0.60234375 0.48359375 0.06875 0.04609375
6 0.5609375 0.5109375 0.1125 0.121875
2 0.63203125 0.59453125 0.10234375 0.12734375
3 0.77578125 0.6 0.14609375 0.090625
3 0.7234375 0.721875 0.18203125 0.1125
1 0.9125 0.65078125 0.175 0.203125