3 0.15703125 0.54140625 0.10234375 0.07265625
3 0.246875 0.54375 0.09296875 0.08671875
1 0.24921875 0.4421875 0.08515625 0.13828125
3 0.30625 0.5078125 0.07734375 0.0828125
1 0.471875 0.4359375 0.06640625 0.08671875
3 0.45625 0.4875 0.0734375 0.05234375
3 0.45078125 0.53046875 0.06484375 0.059375
5 0.4109375 0.571875 0.06796875 0.1265625
5 0.525 0.50390625 0.06171875 0.08046875
6 0.509375 0.575 0.0859375 0.13125
5 0.659375 0.47578125 0.040625 0.06484375
3 0.6984375 0.46015625 0.04375 0.0453125
6 0.73046875 0.46875 0.04453125 0.0828125
3 0.715625 0.528125 0.065625 0.0609375
3 0.77578125 0.57421875 0.09921875 0.07265625
1 0.85078125 0.49296875 0.1015625 0.14296875