2 0.74296875 0.43046875 0.09453125 0.11171875
6 0.1953125 0.62109375 0.146875 0.16796875
2 0.49375 0.3625 0.06640625 0.0875
1 0.3671875 0.3484375 0.07890625 0.19453125
2 0.41171875 0.51328125 0.0921875 0.11328125
5 0.359375 0.61015625 0.1078125 0.13984375
2 0.703125 0.37265625 0.09140625 0.10625
3 0.62578125 0.4375 0.06875 0.0765625
6 0.7734375 0.51640625 0.1296875 0.153125
2 0.61484375 0.65390625 0.11875 0.19765625
6 0.41484375 0.37421875 0.05078125 0.0734375
3 0.77890625 0.690625 0.13828125 0.153125