1 0.2 0.6734375 0.17265625 0.19375
6 0.38828125 0.69140625 0.15234375 0.209375
2 0.36875 0.5609375 0.096875 0.11640625
5 0.2265625 0.565625 0.115625 0.0953125
5 0.3234375 0.5109375 0.075 0.09296875
3 0.25703125 0.48671875 0.0953125 0.0515625
1 0.33984375 0.45078125 0.084375 0.06953125
1 0.53046875 0.47109375 0.075 0.1328125
1 0.52734375 0.4171875 0.0734375 0.0578125
5 0.62421875 0.48828125 0.075 0.07734375
6 0.7328125 0.54453125 0.11015625 0.11796875
2 0.67265625 0.646875 0.11171875 0.1671875
2 0.83671875 0.64609375 0.11953125 0.16328125