6 0.23828125 0.43828125 0.11953125 0.1109375
5 0.3921875 0.55078125 0.14375 0.234375
6 0.125 0.50859375 0.1140625 0.17890625
5 0.19453125 0.6015625 0.1703125 0.24375
3 0.296875 0.5203125 0.11640625 0.1125
3 0.42265625 0.42421875 0.09765625 0.06484375
5 0.4953125 0.44921875 0.09765625 0.1546875
3 0.5671875 0.44375 0.065625 0.0671875
3 0.52578125 0.37109375 0.071875 0.05546875
1 0.4 0.33125 0.06328125 0.13203125
1 0.58359375 0.34765625 0.05 0.1109375
1 0.63515625 0.33671875 0.0578125 0.12890625
3 0.721875 0.41015625 0.08125 0.06953125
2 0.88125 0.42265625 0.06484375 0.10625
1 0.63203125 0.44921875 0.10078125 0.18203125
1 0.678125 0.43671875 0.0640625 0.16484375