2 0.8109375 0.603125 0.1875 0.2875
5 0.4625 0.4640625 0.075 0.2453125
1 0.38984375 0.3734375 0.08125 0.10859375
5 0.509375 0.34140625 0.04296875 0.06953125
6 0.61484375 0.5875 0.14765625 0.24921875
5 0.41328125 0.4921875 0.08984375 0.16171875
2 0.7703125 0.365625 0.04140625 0.07890625
6 0.8765625 0.42890625 0.065625 0.12265625
2 0.8296875 0.378125 0.06796875 0.10078125
2 0.740625 0.41015625 0.06640625 0.1
5 0.31015625 0.60625 0.12109375 0.4140625
2 0.57421875 0.353125 0.0640625 0.09609375
5 0.6984375 0.47109375 0.0859375 0.15
5 0.54375 0.33046875 0.03671875 0.06796875