2 0.625 0.5734375 0.13046875 0.13984375
2 0.76796875 0.565625 0.14765625 0.11953125
5 0.1484375 0.66484375 0.16640625 0.1875
5 0.54609375 0.5 0.08046875 0.1078125
5 0.3375 0.58359375 0.1421875 0.11328125
5 0.7375 0.6484375 0.1328125 0.13984375
6 0.60859375 0.47890625 0.09453125 0.078125
3 0.3546875 0.70625 0.18984375 0.1234375
3 0.89453125 0.675 0.17890625 0.1125
3 0.68046875 0.53359375 0.1015625 0.06328125
3 0.171875 0.61015625 0.2015625 0.0890625
2 0.32109375 0.521875 0.12421875 0.11640625
3 0.4921875 0.50234375 0.07109375 0.07734375