2 0.16328125 0.68515625 0.203125 0.22734375
2 0.6578125 0.7609375 0.1765625 0.26796875
2 0.58984375 0.5 0.0765625 0.1359375
2 0.76796875 0.54921875 0.08359375 0.15703125
2 0.88125 0.65859375 0.1640625 0.20390625
1 0.3296875 0.6671875 0.153125 0.3390625
1 0.90078125 0.503125 0.11953125 0.16796875
6 0.45546875 0.6375 0.12578125 0.22421875
6 0.28515625 0.5828125 0.1 0.215625
6 0.51796875 0.5453125 0.08515625 0.1640625
6 0.80390625 0.50546875 0.07109375 0.16796875
3 0.38984375 0.56015625 0.08046875 0.11015625
3 0.46953125 0.5125 0.0875 0.07890625
3 0.86796875 0.82421875 0.146875 0.19140625
5 0.71875 0.61953125 0.13125 0.19453125