3 0.2546875 0.69609375 0.1796875 0.21484375
3 0.83125 0.56328125 0.12734375 0.10625
5 0.1421875 0.5890625 0.12578125 0.23046875
5 0.46171875 0.49375 0.09375 0.165625
5 0.71640625 0.49921875 0.084375 0.146875
2 0.590625 0.72265625 0.1515625 0.26875
2 0.34296875 0.478125 0.0703125 0.14375
6 0.26484375 0.52265625 0.13828125 0.2015625
6 0.64921875 0.578125 0.17265625 0.2125
6 0.834375 0.48828125 0.1234375 0.14921875
1 0.52890625 0.4390625 0.08046875 0.1453125
1 0.39453125 0.503125 0.09921875 0.2578125
1 0.7109375 0.39375 0.0953125 0.153125
1 0.790625 0.68671875 0.1796875 0.2859375
5 0.41875 0.440625 0.05859375 0.10859375