3 0.16953125 0.5453125 0.08984375 0.06640625
3 0.240625 0.5390625 0.09765625 0.0921875
1 0.25703125 0.43671875 0.075 0.10703125
3 0.309375 0.50390625 0.08203125 0.06953125
5 0.41484375 0.571875 0.08671875 0.1171875
3 0.4578125 0.528125 0.053125 0.06484375
5 0.47421875 0.4328125 0.06796875 0.09296875
5 0.525 0.4875 0.05546875 0.06953125
6 0.51328125 0.57890625 0.090625 0.15546875
5 0.66171875 0.4765625 0.04609375 0.06796875
3 0.703125 0.46015625 0.04453125 0.0515625
3 0.72109375 0.52578125 0.06953125 0.07109375
2 0.7828125 0.5125 0.0734375 0.1328125
1 0.85078125 0.4921875 0.10625 0.15078125
3 0.778125 0.584375 0.11796875 0.07421875