5 0.09921875 0.59921875 0.1984375 0.2484375
3 0.06796875 0.45234375 0.12890625 0.10703125
6 0.2265625 0.48515625 0.14296875 0.171875
6 0.390625 0.4 0.10703125 0.134375
5 0.46484375 0.38203125 0.0703125 0.10859375
6 0.48515625 0.43984375 0.11640625 0.1421875
1 0.55625 0.35859375 0.0765625 0.16171875
1 0.60625 0.33359375 0.065625 0.16171875
5 0.696875 0.390625 0.06875 0.103125
5 0.74609375 0.37890625 0.0578125 0.1015625
2 0.9203125 0.4078125 0.09765625 0.12421875
2 0.85 0.43203125 0.10703125 0.10390625