1 0.76953125 0.38046875 0.09453125 0.13125
1 0.57578125 0.60078125 0.1125 0.19453125
5 0.7296875 0.67578125 0.1265625 0.17734375
6 0.31875 0.5125 0.1140625 0.1296875
3 0.39453125 0.4640625 0.06953125 0.06328125
3 0.63203125 0.5421875 0.09921875 0.09375
3 0.303125 0.67109375 0.1125 0.18046875
2 0.184375 0.5828125 0.14140625 0.25625
5 0.42265625 0.51953125 0.09609375 0.13828125
5 0.47734375 0.39609375 0.06328125 0.08671875
5 0.54921875 0.4078125 0.06015625 0.1140625
2 0.66796875 0.459375 0.09375 0.13828125
2 0.7765625 0.48125 0.10546875 0.1015625
2 0.76640625 0.56953125 0.11796875 0.1171875