1 0.61953125 0.48125 0.08359375 0.1828125
1 0.625 0.41953125 0.05546875 0.146875
5 0.29609375 0.73125 0.1921875 0.2578125
5 0.409375 0.49765625 0.07109375 0.13125
5 0.49140625 0.484375 0.0734375 0.11953125
5 0.78828125 0.484375 0.0640625 0.10390625
5 0.7375 0.48984375 0.065625 0.1015625
2 0.9671875 0.5265625 0.06484375 0.1125
2 0.91171875 0.55546875 0.1078125 0.13125
3 0.5640625 0.446875 0.0765625 0.090625
6 0.55 0.5390625 0.115625 0.14375
6 0.33359375 0.5921875 0.15 0.1828125
6 0.23671875 0.51796875 0.10078125 0.15546875
3 0.11796875 0.58359375 0.14296875 0.12890625