5 0.1375 0.503125 0.12578125 0.15625
1 0.253125 0.47421875 0.13828125 0.190625
6 0.2078125 0.62734375 0.19921875 0.23828125
6 0.40703125 0.62109375 0.190625 0.35703125
6 0.434375 0.44140625 0.07890625 0.1359375
6 0.48828125 0.42109375 0.06640625 0.1109375
1 0.55546875 0.3875 0.06484375 0.09375
5 0.59453125 0.39296875 0.04453125 0.08515625
1 0.7609375 0.40859375 0.0828125 0.134375
2 0.715625 0.51328125 0.12109375 0.11484375
3 0.50859375 0.5109375 0.0984375 0.12578125
1 0.5640625 0.425 0.06953125 0.1203125
3 0.87421875 0.4921875 0.11015625 0.0921875
3 0.9453125 0.46953125 0.06015625 0.11796875