5 0.29453125 0.528125 0.09921875 0.13671875
3 0.325 0.628125 0.1671875 0.09140625
1 0.09296875 0.7828125 0.1859375 0.371875
3 0.3515625 0.725 0.2171875 0.1171875
5 0.37265625 0.8109375 0.159375 0.2578125
5 0.5734375 0.50390625 0.1046875 0.1203125
2 0.7125 0.53203125 0.11484375 0.1140625
3 0.6609375 0.60859375 0.15859375 0.10625
2 0.8203125 0.59140625 0.1578125 0.12421875
6 0.75703125 0.67578125 0.17578125 0.18984375
3 0.9609375 0.69453125 0.078125 0.121875
2 0.10859375 0.71484375 0.16015625 0.17265625