3 0.30703125 0.49609375 0.07734375 0.09765625
1 0.24140625 0.69296875 0.12578125 0.1578125
5 0.36796875 0.53359375 0.06875 0.1046875
1 0.378125 0.45078125 0.09296875 0.10703125
5 0.39453125 0.61328125 0.09453125 0.14765625
6 0.41171875 0.765625 0.1515625 0.21875
6 0.54453125 0.51171875 0.04453125 0.153125
1 0.63359375 0.46484375 0.06796875 0.1265625
3 0.58515625 0.46953125 0.0484375 0.08203125
3 0.7328125 0.584375 0.090625 0.1578125
1 0.65859375 0.646875 0.125 0.23984375
1 0.828125 0.62265625 0.1453125 0.2421875