1 0.65625 0.46328125 0.09296875 0.115625
1 0.87578125 0.5265625 0.1734375 0.16015625
1 0.70859375 0.6140625 0.19296875 0.153125
2 0.91015625 0.6703125 0.175 0.1578125
2 0.13203125 0.628125 0.19296875 0.15703125
2 0.3734375 0.45390625 0.07734375 0.06328125
2 0.47578125 0.4515625 0.0671875 0.0640625
5 0.32265625 0.48515625 0.0984375 0.0890625
6 0.415625 0.49609375 0.10078125 0.08046875
6 0.3859375 0.56015625 0.14453125 0.10234375
5 0.68671875 0.55 0.15234375 0.1015625
2 0.76796875 0.45546875 0.1171875 0.0828125