1 0.23125 0.50546875 0.096875 0.2
1 0.30546875 0.53671875 0.0875 0.2265625
3 0.40078125 0.55390625 0.109375 0.12890625
3 0.446875 0.4921875 0.0703125 0.11328125
3 0.5015625 0.496875 0.10546875 0.13671875
3 0.56640625 0.71015625 0.153125 0.18671875
5 0.7109375 0.5640625 0.10546875 0.16484375
1 0.70390625 0.490625 0.06953125 0.11796875
1 0.7796875 0.46796875 0.07421875 0.13515625
1 0.81484375 0.43046875 0.06796875 0.14609375
3 0.81328125 0.57890625 0.09140625 0.1515625
3 0.5875 0.46015625 0.06640625 0.08671875
1 0.6953125 0.4265625 0.06328125 0.08828125