5 0.15390625 0.6625 0.1625 0.18984375
5 0.22109375 0.52421875 0.10234375 0.1390625
1 0.23359375 0.41640625 0.09609375 0.15
5 0.34921875 0.4890625 0.10703125 0.1140625
3 0.35234375 0.59609375 0.15234375 0.08046875
5 0.3484375 0.6671875 0.1328125 0.19453125
3 0.4078125 0.428125 0.08125 0.04921875
1 0.47265625 0.375 0.04765625 0.1125
5 0.528125 0.41015625 0.075 0.08515625
5 0.5953125 0.484375 0.096875 0.09453125
2 0.734375 0.49609375 0.08828125 0.109375
2 0.6765625 0.571875 0.1203125 0.14296875
5 0.70703125 0.6875 0.17890625 0.175
6 0.9125 0.69375 0.175 0.18984375