1 0.6578125 0.43984375 0.0890625 0.15390625
3 0.384375 0.49296875 0.07578125 0.05703125
1 0.71875 0.40078125 0.07890625 0.1328125
1 0.7703125 0.54375 0.13359375 0.15078125
3 0.609375 0.58046875 0.084375 0.08359375
5 0.47421875 0.47109375 0.06484375 0.09453125
1 0.2203125 0.5859375 0.12421875 0.15703125
1 0.53984375 0.41171875 0.0734375 0.09140625
5 0.315625 0.53203125 0.09140625 0.12265625
2 0.7265625 0.74296875 0.14140625 0.23359375
3 0.45546875 0.44296875 0.0703125 0.05234375
5 0.76015625 0.4859375 0.07734375 0.0953125
6 0.29765625 0.646875 0.17421875 0.17109375
2 0.42890625 0.5421875 0.0890625 0.14375
2 0.54140625 0.68359375 0.1125 0.19453125