6 0.16875 0.825 0.17890625 0.24765625
6 0.75234375 0.56328125 0.1421875 0.14453125
3 0.33046875 0.64375 0.15390625 0.08515625
3 0.27421875 0.55546875 0.11640625 0.07421875
1 0.57109375 0.56015625 0.08828125 0.13125
1 0.13515625 0.57109375 0.14375 0.209375
5 0.25078125 0.44140625 0.0734375 0.08984375
5 0.47734375 0.509375 0.0921875 0.10234375
3 0.72734375 0.6984375 0.15 0.12265625
3 0.3421875 0.453125 0.08984375 0.05703125
3 0.41171875 0.7703125 0.17421875 0.11875
5 0.5875 0.49453125 0.071875 0.08671875
2 0.865625 0.6625 0.15078125 0.1578125