2 0.18359375 0.74609375 0.21484375 0.20703125
3 0.40390625 0.75234375 0.2109375 0.1421875
2 0.740625 0.67421875 0.18984375 0.2078125
5 0.89453125 0.63984375 0.15859375 0.15390625
5 0.5875 0.553125 0.1140625 0.134375
5 0.16796875 0.58515625 0.16171875 0.1234375
6 0.2796875 0.5390625 0.1140625 0.1140625
6 0.6484375 0.50546875 0.128125 0.09296875
2 0.50703125 0.5171875 0.1140625 0.1046875
5 0.54140625 0.4390625 0.11328125 0.10390625
2 0.35625 0.43359375 0.0890625 0.08828125
5 0.26328125 0.428125 0.0671875 0.07265625