3 0.3859375 0.8421875 0.14453125 0.1515625
5 0.22734375 0.7890625 0.12578125 0.2109375
1 0.37734375 0.65703125 0.07890625 0.21875
3 0.284375 0.71875 0.0921875 0.103125
6 0.2640625 0.6125 0.1 0.1375
1 0.3546875 0.54609375 0.0734375 0.0875
5 0.50078125 0.553125 0.04296875 0.09375
2 0.5828125 0.5625 0.05625 0.084375
5 0.5390625 0.5921875 0.0609375 0.10703125
5 0.3515625 0.7171875 0.0015625 0.0109375
6 0.5921875 0.67421875 0.09140625 0.16796875
3 0.64375 0.61875 0.05625 0.06640625
2 0.70078125 0.6671875 0.10625 0.12421875
2 0.665625 0.7828125 0.09609375 0.1796875
2 0.790625 0.75859375 0.1 0.175