6 0.11484375 0.78671875 0.1859375 0.24140625
2 0.3078125 0.5984375 0.12890625 0.1328125
2 0.39453125 0.7203125 0.18203125 0.19375
6 0.853125 0.66796875 0.1515625 0.171875
1 0.25390625 0.48515625 0.11875 0.15234375
3 0.1390625 0.62890625 0.134375 0.10078125
2 0.7265625 0.55546875 0.14765625 0.1421875
5 0.6890625 0.67109375 0.1296875 0.14765625
1 0.340625 0.409375 0.06796875 0.11953125
6 0.11171875 0.51796875 0.13671875 0.1359375
3 0.4921875 0.5265625 0.115625 0.0734375
2 0.58984375 0.57890625 0.10859375 0.14296875
2 0.246875 0.4375 0.0765625 0.08828125