5 0.16015625 0.51328125 0.1140625 0.16328125
5 0.23828125 0.4390625 0.0828125 0.10859375
5 0.2890625 0.49296875 0.08828125 0.1390625
6 0.23828125 0.61796875 0.184375 0.2453125
6 0.41484375 0.5796875 0.22109375 0.2546875
6 0.44375 0.4109375 0.084375 0.10546875
6 0.50234375 0.39921875 0.06640625 0.1078125
3 0.51875 0.478125 0.09140625 0.1125
5 0.596875 0.3578125 0.04453125 0.0703125
1 0.59453125 0.39375 0.06484375 0.15
1 0.7578125 0.36015625 0.0453125 0.14453125
2 0.73828125 0.47890625 0.11640625 0.13125
2 0.6515625 0.525 0.11328125 0.16875
3 0.8828125 0.46015625 0.153125 0.1125
3 0.9484375 0.44140625 0.1 0.07421875