5 0.14296875 0.57890625 0.12734375 0.21171875
6 0.26015625 0.52265625 0.16171875 0.1890625
3 0.24296875 0.665625 0.18046875 0.14765625
1 0.390625 0.50546875 0.1 0.26484375
1 0.52734375 0.43046875 0.07890625 0.14140625
5 0.45625 0.48515625 0.07578125 0.14140625
5 0.428125 0.4359375 0.07734375 0.10234375
1 0.7171875 0.41328125 0.09296875 0.17109375
5 0.71875 0.503125 0.07578125 0.14140625
6 0.83125 0.47734375 0.1078125 0.13515625
3 0.83671875 0.56484375 0.1171875 0.09140625
2 0.590625 0.70859375 0.171875 0.228125
1 0.79921875 0.67421875 0.1609375 0.2484375