1 0.1453125 0.5203125 0.09765625 0.25703125
1 0.215625 0.47265625 0.0953125 0.19140625
1 0.61484375 0.43671875 0.04921875 0.08984375
1 0.834375 0.50234375 0.07890625 0.1765625
5 0.934375 0.5203125 0.11015625 0.0875
5 0.625 0.5 0.05546875 0.0828125
6 0.659375 0.61328125 0.1125 0.140625
5 0.75234375 0.5765625 0.10625 0.11796875
2 0.74296875 0.5109375 0.07265625 0.1
6 0.690625 0.47734375 0.07265625 0.09375
6 0.50078125 0.509375 0.075 0.10078125
5 0.57734375 0.52890625 0.075 0.09765625
2 0.4390625 0.52578125 0.08125 0.0984375
3 0.5453125 0.59296875 0.1640625 0.0984375
3 0.3484375 0.65 0.11640625 0.10234375
3 0.21328125 0.68828125 0.12265625 0.1140625
5 0.25390625 0.571875 0.11875 0.15703125
5 0.0734375 0.5484375 0.06953125 0.11875
2 0.796875 0.4984375 0.06171875 0.0890625