3 0.12109375 0.8125 0.2421875 0.18984375
3 0.65546875 0.61171875 0.17109375 0.1046875
3 0.7109375 0.7296875 0.1609375 0.11484375
5 0.91015625 0.6828125 0.17890625 0.16015625
1 0.22734375 0.46484375 0.0890625 0.10703125
1 0.5421875 0.48203125 0.0859375 0.14765625
2 0.36171875 0.76953125 0.1921875 0.18359375
6 0.3375 0.6140625 0.15078125 0.153125
1 0.3078125 0.50625 0.08671875 0.1328125
5 0.1921875 0.5125 0.0953125 0.10078125
5 0.16953125 0.62265625 0.16484375 0.15390625
6 0.6109375 0.465625 0.0703125 0.10078125
3 0.6765625 0.5328125 0.1265625 0.05546875
6 0.7796875 0.58125 0.15078125 0.134375