5 0.7671875 0.678125 0.19609375 0.15703125
2 0.51796875 0.453125 0.06640625 0.07578125
5 0.303125 0.571875 0.1171875 0.103125
2 0.88359375 0.50234375 0.128125 0.0984375
5 0.5875 0.4265625 0.059375 0.06796875
2 0.14921875 0.5515625 0.1421875 0.128125
5 0.79921875 0.42734375 0.08203125 0.08359375
1 0.67109375 0.525 0.1484375 0.10078125
6 0.278125 0.4953125 0.13671875 0.10859375
5 0.60546875 0.61796875 0.13046875 0.16875
5 0.85859375 0.56953125 0.1921875 0.134375
5 0.38359375 0.44453125 0.1046875 0.0859375