1 0.19296875 0.67265625 0.146875 0.17578125
6 0.36875 0.7015625 0.1140625 0.19296875
6 0.35234375 0.58671875 0.06484375 0.140625
5 0.225 0.5796875 0.11171875 0.1109375
3 0.2109375 0.5484375 0.12109375 0.06015625
3 0.25859375 0.4984375 0.09140625 0.0453125
1 0.340625 0.46328125 0.078125 0.07890625
1 0.5265625 0.434375 0.0796875 0.09375
1 0.5296875 0.4734375 0.0734375 0.115625
5 0.6203125 0.49453125 0.075 0.0734375
3 0.60859375 0.56953125 0.0890625 0.0765625
1 0.72109375 0.52109375 0.10625 0.13828125
2 0.69765625 0.65625 0.15703125 0.16015625
2 0.8484375 0.63828125 0.15390625 0.15078125