5 0.15234375 0.68828125 0.16328125 0.2140625
5 0.7140625 0.5109375 0.10078125 0.13828125
5 0.48203125 0.4765625 0.10859375 0.121875
5 0.315625 0.546875 0.12109375 0.1453125
6 0.37265625 0.7125 0.17109375 0.2359375
5 0.6953125 0.65234375 0.165625 0.19375
3 0.59453125 0.5703125 0.14453125 0.09140625
3 0.15078125 0.58828125 0.1515625 0.0875
3 0.2765625 0.41484375 0.0859375 0.05859375
6 0.1265625 0.4984375 0.12109375 0.12734375
2 0.35546875 0.403125 0.07578125 0.0671875
2 0.60703125 0.4796875 0.1046875 0.08984375