5 0.16640625 0.5328125 0.11484375 0.17578125
3 0.27578125 0.61328125 0.175 0.13515625
6 0.2859375 0.48125 0.153125 0.165625
1 0.4140625 0.45078125 0.08984375 0.28828125
2 0.365625 0.4421875 0.084375 0.13515625
5 0.4515625 0.39375 0.065625 0.09375
1 0.54609375 0.39140625 0.08046875 0.13203125
5 0.73828125 0.45625 0.07109375 0.1421875
6 0.85390625 0.44453125 0.1 0.11875
3 0.85859375 0.5359375 0.128125 0.0953125
2 0.6734375 0.5421875 0.0953125 0.2109375
1 0.8140625 0.61875 0.1703125 0.23359375
2 0.6015625 0.68203125 0.1328125 0.209375