1 0.103125 0.4109375 0.1578125 0.15859375
1 0.084375 0.44140625 0.14375 0.178125
1 0.084375 0.571875 0.15546875 0.215625
3 0.25390625 0.46484375 0.11953125 0.06484375
2 0.2921875 0.52734375 0.14375 0.1328125
2 0.32578125 0.62109375 0.1984375 0.18359375
2 0.078125 0.81953125 0.15625 0.296875
5 0.340625 0.7078125 0.17265625 0.2140625
1 0.64453125 0.365625 0.0921875 0.1671875
3 0.51953125 0.4515625 0.10703125 0.06953125
5 0.59453125 0.49609375 0.12734375 0.14609375
1 0.6734375 0.465625 0.12890625 0.31171875
2 0.78046875 0.48984375 0.1421875 0.14609375
2 0.92734375 0.57734375 0.1390625 0.1859375