6 0.22578125 0.78359375 0.16328125 0.26484375
6 0.20625 0.52109375 0.09140625 0.14609375
6 0.76328125 0.66640625 0.12265625 0.18515625
5 0.64375 0.68828125 0.11875 0.1953125
2 0.40234375 0.73828125 0.16171875 0.2234375
2 0.35703125 0.6078125 0.0921875 0.15703125
2 0.5625 0.58046875 0.09609375 0.1546875
2 0.6671875 0.575 0.1015625 0.1390625
2 0.3125 0.43203125 0.06328125 0.08671875
1 0.3765625 0.41484375 0.05859375 0.1296875
1 0.55234375 0.45859375 0.06328125 0.1203125
1 0.309375 0.490625 0.0984375 0.1671875
3 0.2234375 0.63828125 0.10625 0.11015625
3 0.49453125 0.53359375 0.1 0.1046875