2 0.1671875 0.65703125 0.17265625 0.19140625
5 0.1484375 0.49296875 0.11484375 0.134375
5 0.25390625 0.44375 0.0984375 0.11484375
5 0.328125 0.5125 0.0796875 0.13046875
6 0.378125 0.64765625 0.14765625 0.23203125
2 0.3515625 0.3578125 0.0640625 0.07265625
5 0.2640625 0.346875 0.0890625 0.0921875
2 0.49609375 0.43515625 0.1109375 0.10625
1 0.58203125 0.38515625 0.0796875 0.1421875
5 0.56640625 0.475 0.0703125 0.115625
2 0.72421875 0.4765625 0.11953125 0.12890625
1 0.65625 0.5515625 0.1359375 0.1875
5 0.82265625 0.56640625 0.1109375 0.1359375