5 0.1953125 0.5703125 0.0890625 0.13828125
3 0.65234375 0.70234375 0.121875 0.15
5 0.53046875 0.61171875 0.11171875 0.16015625
1 0.83046875 0.5953125 0.08984375 0.21484375
3 0.92265625 0.590625 0.10625 0.13984375
1 0.66640625 0.61328125 0.121875 0.10703125
1 0.12421875 0.590625 0.115625 0.246875
5 0.19765625 0.71328125 0.134375 0.159375
5 0.3328125 0.69375 0.09140625 0.1671875
3 0.26328125 0.65234375 0.08515625 0.1015625
3 0.428125 0.61875 0.09375 0.14609375
3 0.61484375 0.62734375 0.0734375 0.1203125
1 0.7046875 0.56953125 0.05234375 0.08046875
1 0.60703125 0.5375 0.04765625 0.1296875
1 0.47890625 0.5546875 0.07734375 0.140625