1 0.2140625 0.49453125 0.078125 0.20546875
3 0.06015625 0.59765625 0.11796875 0.0875
3 0.159375 0.6171875 0.115625 0.10703125
6 0.30625 0.63984375 0.13671875 0.15625
5 0.4296875 0.63515625 0.12421875 0.16328125
5 0.27109375 0.54609375 0.103125 0.10390625
5 0.2640625 0.50546875 0.05390625 0.05859375
6 0.34296875 0.52265625 0.0859375 0.0984375
5 0.5375 0.5796875 0.0859375 0.1296875
2 0.47578125 0.54921875 0.08125 0.1125
5 0.80078125 0.55390625 0.071875 0.0875
1 0.9 0.49609375 0.06484375 0.12421875
2 0.9578125 0.6109375 0.084375 0.1375