6 0.24453125 0.75625 0.15625 0.23359375
6 0.7140625 0.5625 0.10546875 0.1609375
6 0.3859375 0.59140625 0.1046875 0.16171875
6 0.309375 0.47734375 0.059375 0.0984375
6 0.36484375 0.51796875 0.09140625 0.12421875
5 0.40546875 0.7234375 0.11796875 0.19140625
5 0.26015625 0.6046875 0.121875 0.15
5 0.26640625 0.49765625 0.0875 0.12421875
2 0.37421875 0.46328125 0.07421875 0.0875
2 0.6796875 0.6984375 0.134375 0.2234375
2 0.6390625 0.496875 0.0765625 0.1015625
2 0.5765625 0.4515625 0.08046875 0.09375
3 0.54140625 0.53203125 0.075 0.084375
3 0.80546875 0.69765625 0.125 0.1375
1 0.6046875 0.5375 0.1078125 0.225