2 0.40625 0.66171875 0.14609375 0.1953125
2 0.2453125 0.690625 0.1453125 0.20390625
2 0.6375 0.625 0.11796875 0.18203125
6 0.6609375 0.5140625 0.08515625 0.13984375
6 0.496875 0.4765625 0.078125 0.1125
2 0.5640625 0.528125 0.09375 0.15859375
2 0.58515625 0.46328125 0.0609375 0.090625
1 0.3515625 0.51796875 0.09765625 0.12734375
5 0.3234375 0.37578125 0.05078125 0.090625
2 0.38671875 0.3921875 0.05703125 0.07890625
5 0.22578125 0.55703125 0.115625 0.159375
5 0.31328125 0.4796875 0.0828125 0.10859375