1 0.2046875 0.4734375 0.12109375 0.2125
1 0.34375 0.46484375 0.0953125 0.1
5 0.32421875 0.5140625 0.09921875 0.0984375
3 0.18203125 0.61484375 0.1640625 0.10234375
2 0.19296875 0.68984375 0.17890625 0.18125
2 0.39765625 0.7296875 0.16796875 0.27578125
2 0.36328125 0.60234375 0.1203125 0.090625
1 0.5234375 0.48671875 0.103125 0.103125
5 0.6125 0.50234375 0.0921875 0.10703125
3 0.61640625 0.5875 0.09296875 0.0984375
6 0.74453125 0.56484375 0.1171875 0.128125
2 0.6921875 0.66875 0.11875 0.1828125
3 0.8171875 0.65625 0.1859375 0.11796875