6 0.38984375 0.63359375 0.10703125 0.1421875
5 0.58046875 0.51015625 0.06484375 0.0890625
2 0.34140625 0.5546875 0.08359375 0.11328125
6 0.25703125 0.81015625 0.14609375 0.2640625
1 0.509375 0.5109375 0.0703125 0.12109375
6 0.69921875 0.57578125 0.09296875 0.1359375
3 0.58515625 0.6078125 0.09375 0.0765625
5 0.34140625 0.453125 0.0578125 0.084375
3 0.23828125 0.5671875 0.08671875 0.0890625
3 0.8015625 0.69609375 0.14453125 0.10859375
6 0.69140625 0.72109375 0.121875 0.26875
6 0.40546875 0.45078125 0.0546875 0.0765625
2 0.2578125 0.61875 0.13984375 0.15390625