5 0.6640625 0.63984375 0.140625 0.1953125
3 0.7921875 0.57109375 0.07890625 0.134375
6 0.91328125 0.6109375 0.07578125 0.2046875
5 0.284375 0.8125 0.2 0.375
5 0.21640625 0.57421875 0.08125 0.14375
1 0.1703125 0.5171875 0.0625 0.1625
3 0.1296875 0.6953125 0.11171875 0.2125
5 0.4046875 0.58984375 0.08203125 0.20078125
1 0.6265625 0.51484375 0.05625 0.15625
2 0.71875 0.5609375 0.059375 0.153125
1 0.52890625 0.5015625 0.0546875 0.1125
3 0.50078125 0.6578125 0.0875 0.20546875
5 0.47265625 0.53125 0.0578125 0.09296875
1 0.571875 0.5640625 0.0703125 0.1140625
5 0.075 0.6359375 0.115625 0.3015625
1 0.57109375 0.48671875 0.0421875 0.084375