1 0.27578125 0.678125 0.1453125 0.2078125
6 0.4203125 0.7078125 0.12890625 0.25078125
2 0.39375 0.57109375 0.071875 0.1375
5 0.29921875 0.56953125 0.09765625 0.1171875
3 0.2984375 0.540625 0.07421875 0.05546875
5 0.3703125 0.5125 0.05703125 0.1
3 0.31640625 0.4890625 0.0796875 0.05234375
1 0.38046875 0.45078125 0.06640625 0.071875
1 0.52265625 0.4765625 0.059375 0.1375
1 0.51796875 0.41875 0.0671875 0.065625
5 0.59375 0.49375 0.06328125 0.08515625
3 0.58125 0.57109375 0.08984375 0.0828125
6 0.66953125 0.540625 0.078125 0.12890625
2 0.64765625 0.653125 0.10859375 0.18828125
2 0.7453125 0.65078125 0.0984375 0.17734375