3 0.1359375 0.540625 0.10859375 0.06328125
3 0.23125 0.55546875 0.11328125 0.1078125
3 0.2953125 0.50625 0.09453125 0.0765625
3 0.44609375 0.49140625 0.07734375 0.0515625
3 0.703125 0.53671875 0.07265625 0.084375
3 0.7625 0.61015625 0.12578125 0.11484375
1 0.240625 0.44765625 0.075 0.10546875
1 0.465625 0.43203125 0.05703125 0.0953125
1 0.70546875 0.4578125 0.0578125 0.08984375
1 0.83359375 0.50625 0.0921875 0.17109375
2 0.76640625 0.5140625 0.06640625 0.0890625
5 0.64375 0.4890625 0.0546875 0.09453125
5 0.51015625 0.49921875 0.05625 0.08515625
5 0.396875 0.56484375 0.0828125 0.121875
6 0.49765625 0.57578125 0.115625 0.13671875
3 0.44296875 0.534375 0.06875 0.05859375