3 0.3921875 0.7078125 0.1453125 0.12734375
5 0.23671875 0.65859375 0.1375 0.20234375
5 0.3796875 0.57734375 0.109375 0.115625
5 0.53515625 0.5 0.0640625 0.1140625
5 0.678125 0.64609375 0.0953125 0.1375
3 0.8015625 0.6734375 0.140625 0.1078125
3 0.63984375 0.534375 0.08046875 0.0625
3 0.50234375 0.4921875 0.05625 0.06796875
3 0.26015625 0.60546875 0.16640625 0.09296875
2 0.59921875 0.5734375 0.1078125 0.13984375
2 0.69921875 0.56328125 0.1015625 0.115625
6 0.5859375 0.4828125 0.0734375 0.0859375
6 0.36796875 0.51171875 0.08515625 0.11328125