6 0.24296875 0.76015625 0.16015625 0.24921875
6 0.3875 0.590625 0.115625 0.16875
6 0.36640625 0.5203125 0.08125 0.1375
6 0.72421875 0.56640625 0.1296875 0.16015625
6 0.30625 0.47265625 0.0609375 0.0734375
5 0.40625 0.73046875 0.11484375 0.1890625
5 0.265625 0.4921875 0.06875 0.12578125
5 0.25 0.60546875 0.1390625 0.1546875
2 0.37578125 0.45546875 0.078125 0.075
2 0.575 0.44765625 0.08046875 0.10078125
2 0.6390625 0.490625 0.078125 0.0953125
2 0.671875 0.67890625 0.12890625 0.20234375
1 0.61328125 0.540625 0.10625 0.21953125
3 0.803125 0.6984375 0.11953125 0.12109375
3 0.546875 0.528125 0.0671875 0.07890625