5 0.18125 0.56953125 0.1140625 0.1546875
2 0.2703125 0.6375 0.13203125 0.1765625
2 0.2921875 0.48671875 0.1125 0.11484375
1 0.41328125 0.5046875 0.1015625 0.13046875
1 0.4953125 0.428125 0.09453125 0.11875
6 0.58515625 0.3984375 0.07265625 0.1015625
5 0.63359375 0.628125 0.07890625 0.2140625
2 0.74296875 0.45546875 0.08203125 0.11875
5 0.86875 0.40546875 0.103125 0.07109375
6 0.890625 0.47421875 0.1171875 0.10078125
2 0.9015625 0.55390625 0.12890625 0.16328125
2 0.84765625 0.7125 0.2015625 0.21328125