1 0.2421875 0.5875 0.1328125 0.3015625
2 0.10703125 0.5265625 0.1375 0.13203125
3 0.0453125 0.50703125 0.090625 0.0875
5 0.1640625 0.46171875 0.09765625 0.1125
6 0.3953125 0.48203125 0.0734375 0.12109375
1 0.5640625 0.44609375 0.065625 0.16640625
1 0.64140625 0.39609375 0.0453125 0.14140625
1 0.6859375 0.4390625 0.04375 0.10390625
5 0.71953125 0.52421875 0.10859375 0.12890625
3 0.840625 0.52109375 0.10703125 0.0859375
3 0.9046875 0.49921875 0.09296875 0.0828125
3 0.63984375 0.57578125 0.13046875 0.10390625
2 0.490625 0.45859375 0.0734375 0.09609375