1 0.37890625 0.58359375 0.10703125 0.18984375
2 0.53671875 0.52109375 0.06640625 0.10390625
2 0.4140625 0.790625 0.15625 0.19453125
1 0.79921875 0.66171875 0.12109375 0.1984375
1 0.25 0.4890625 0.10078125 0.190625
6 0.6796875 0.71796875 0.12578125 0.1859375
6 0.60546875 0.60078125 0.125 0.1296875
2 0.38671875 0.48828125 0.06328125 0.07421875
6 0.23984375 0.7765625 0.140625 0.17734375
6 0.62734375 0.52265625 0.0875 0.1
2 0.71171875 0.58671875 0.10546875 0.128125
3 0.2484375 0.665625 0.125 0.10390625
6 0.31171875 0.51015625 0.0578125 0.07421875