1 0.12421875 0.52109375 0.0921875 0.18046875
5 0.38984375 0.4625 0.0328125 0.0578125
3 0.43046875 0.51484375 0.0609375 0.065625
6 0.459375 0.46484375 0.05546875 0.0921875
3 0.3609375 0.59609375 0.0953125 0.08828125
5 0.46328125 0.58203125 0.0859375 0.11875
1 0.5109375 0.48203125 0.06171875 0.1359375
1 0.67578125 0.440625 0.05 0.103125
1 0.69140625 0.49140625 0.04921875 0.096875
3 0.75 0.4859375 0.0578125 0.0625
6 0.78046875 0.515625 0.0640625 0.0953125
3 0.88828125 0.603125 0.15234375 0.10390625