1 0.1421875 0.571875 0.08046875 0.25390625
1 0.27890625 0.5734375 0.10859375 0.20859375
1 0.2609375 0.6734375 0.10859375 0.23671875
1 0.38046875 0.659375 0.0984375 0.23125
3 0.16640625 0.6765625 0.09765625 0.1390625
6 0.475 0.60390625 0.08671875 0.125
6 0.8046875 0.6609375 0.12421875 0.1546875
3 0.9359375 0.65859375 0.128125 0.12734375
2 0.57578125 0.61953125 0.109375 0.20234375
3 0.6109375 0.56953125 0.06875 0.0765625
2 0.69296875 0.565625 0.08359375 0.0953125
5 0.70625 0.72109375 0.1421875 0.21640625
3 0.85625 0.5953125 0.09921875 0.0671875