5 0.1359375 0.6234375 0.17421875 0.28046875
5 0.42265625 0.4234375 0.06953125 0.13671875
5 0.4953125 0.3921875 0.0515625 0.09609375
5 0.7390625 0.40234375 0.053125 0.09921875
5 0.784375 0.4 0.0609375 0.1015625
2 0.95625 0.4328125 0.0875 0.11015625
2 0.89296875 0.46328125 0.1 0.140625
6 0.2625 0.478125 0.134375 0.1953125
6 0.53046875 0.44609375 0.0890625 0.13125
3 0.115625 0.46953125 0.1171875 0.08046875
3 0.1140625 0.41875 0.115625 0.08515625
1 0.59296875 0.3921875 0.08125 0.178125
1 0.646875 0.3625 0.0546875 0.1609375