1 0.22421875 0.671875 0.1515625 0.2578125
5 0.39609375 0.67578125 0.13828125 0.228125
3 0.29296875 0.61015625 0.09375 0.10390625
1 0.3671875 0.5484375 0.0953125 0.12734375
2 0.26484375 0.51484375 0.08203125 0.13125
1 0.27109375 0.45546875 0.08359375 0.084375
1 0.5234375 0.478125 0.06875 0.14296875
5 0.621875 0.50703125 0.0546875 0.1046875
3 0.5734375 0.484375 0.05703125 0.04140625
2 0.58203125 0.5609375 0.09140625 0.159375
2 0.69453125 0.55546875 0.08203125 0.115625
5 0.66953125 0.6515625 0.1078125 0.17421875
6 0.8015625 0.6296875 0.140625 0.19296875