3 0.11640625 0.6984375 0.2328125 0.121875
2 0.35546875 0.64765625 0.1875 0.19140625
1 0.225 0.46796875 0.13203125 0.19921875
1 0.3859375 0.44375 0.10703125 0.10703125
2 0.39375 0.53046875 0.1078125 0.14375
5 0.5390625 0.37578125 0.059375 0.08125
6 0.49375 0.3828125 0.06484375 0.07578125
5 0.4265625 0.378125 0.06875 0.08671875
6 0.596875 0.475 0.0921875 0.09296875
1 0.7375 0.45078125 0.0984375 0.09921875
1 0.659375 0.49296875 0.096875 0.15390625
2 0.7265625 0.61953125 0.14140625 0.16796875
3 0.9078125 0.678125 0.13359375 0.1015625