6 0.778125 0.6390625 0.09453125 0.16875
3 0.67109375 0.68125 0.12734375 0.11875
6 0.51796875 0.49609375 0.0546875 0.115625
1 0.56953125 0.51640625 0.059375 0.17109375
5 0.6234375 0.47578125 0.05546875 0.09609375
3 0.4671875 0.45625 0.08515625 0.07578125
5 0.40625 0.415625 0.05 0.0703125
2 0.34765625 0.409375 0.06953125 0.10859375
2 0.33359375 0.4890625 0.06796875 0.12734375
5 0.2421875 0.50859375 0.096875 0.1203125
3 0.24296875 0.609375 0.12265625 0.09609375
5 0.38828125 0.56796875 0.096875 0.1375
3 0.24375 0.76796875 0.18828125 0.1453125
3 0.440625 0.71328125 0.13828125 0.11484375