1 0.2640625 0.47578125 0.13125 0.2625
1 0.20625 0.59609375 0.14296875 0.35390625
1 0.13125 0.44765625 0.0734375 0.1515625
1 0.36796875 0.4828125 0.08515625 0.1765625
1 0.45234375 0.453125 0.05234375 0.1171875
1 0.621875 0.5171875 0.11015625 0.24375
5 0.8890625 0.4875 0.09296875 0.09921875
5 0.83203125 0.51171875 0.1234375 0.11171875
5 0.1890625 0.52890625 0.11484375 0.1671875
3 0.0875 0.584375 0.11640625 0.12265625
2 0.465625 0.540625 0.10859375 0.18046875
5 0.5359375 0.50390625 0.08125 0.12421875
6 0.76015625 0.4703125 0.0890625 0.11171875
2 0.70234375 0.46953125 0.08203125 0.09140625