1 0.33203125 0.35546875 0.0984375 0.19375
6 0.10625 0.58671875 0.18515625 0.15546875
2 0.6640625 0.63671875 0.14609375 0.19453125
2 0.78125 0.37734375 0.1125 0.11171875
5 0.23359375 0.484375 0.1453125 0.14609375
5 0.315625 0.6 0.13984375 0.15625
2 0.83671875 0.434375 0.128125 0.115625
2 0.50703125 0.37734375 0.078125 0.09296875
3 0.875 0.68359375 0.165625 0.14140625
2 0.44765625 0.425 0.06953125 0.109375
3 0.66796875 0.44765625 0.084375 0.0796875
6 0.40078125 0.384375 0.0703125 0.07265625
2 0.38203125 0.5 0.121875 0.12890625