5 0.146875 0.6953125 0.1375 0.20078125
5 0.3484375 0.68359375 0.14296875 0.21640625
5 0.22734375 0.54375 0.103125 0.15390625
5 0.36015625 0.5015625 0.11328125 0.10546875
3 0.41171875 0.43828125 0.0859375 0.040625
1 0.48125 0.390625 0.04375 0.1234375
5 0.5359375 0.4171875 0.0765625 0.07265625
3 0.36640625 0.60546875 0.1609375 0.08828125
2 0.7453125 0.5078125 0.09375 0.11328125
2 0.67578125 0.578125 0.11328125 0.14765625
6 0.903125 0.70859375 0.153125 0.17890625
5 0.70625 0.70390625 0.1890625 0.17109375