1 0.78828125 0.434375 0.13359375 0.2375
3 0.6546875 0.50078125 0.13359375 0.1703125
1 0.37109375 0.47734375 0.153125 0.2578125
3 0.2078125 0.5328125 0.18515625 0.19296875
3 0.2703125 0.37578125 0.12109375 0.12578125
5 0.28515625 0.28046875 0.1078125 0.13203125
3 0.38828125 0.290625 0.0953125 0.09296875
1 0.40859375 0.16640625 0.09375 0.1578125
3 0.48125 0.259375 0.05390625 0.165625
5 0.5359375 0.20625 0.05625 0.11640625
2 0.67578125 0.29453125 0.096875 0.14296875
5 0.6109375 0.33828125 0.06640625 0.15234375