5 0.38828125 0.75390625 0.10703125 0.18046875
5 0.36875 0.63203125 0.0890625 0.13046875
5 0.528125 0.52578125 0.06640625 0.1
5 0.6953125 0.6125 0.084375 0.13203125
5 0.79921875 0.721875 0.1140625 0.1609375
5 0.6265625 0.7015625 0.0921875 0.20546875
3 0.63828125 0.56953125 0.0703125 0.0734375
6 0.496875 0.49140625 0.05625 0.0984375
5 0.3625 0.503125 0.059375 0.08671875
2 0.35703125 0.54609375 0.07109375 0.11171875
2 0.28359375 0.51640625 0.05546875 0.084375
5 0.25625 0.54375 0.06640625 0.125
6 0.22734375 0.765625 0.1375 0.23125