4 0.12578125 0.56015625 0.1203125 0.10703125
6 0.2359375 0.5125 0.12265625 0.1484375
5 0.29609375 0.74140625 0.22265625 0.2859375
1 0.62890625 0.48046875 0.109375 0.1734375
5 0.72734375 0.4828125 0.0953125 0.1125
5 0.79375 0.4609375 0.0671875 0.10078125
2 0.90859375 0.53828125 0.11328125 0.14296875
2 0.96640625 0.5078125 0.0671875 0.1375
5 0.41640625 0.49375 0.09765625 0.15
5 0.49765625 0.4609375 0.08046875 0.12734375
6 0.33828125 0.584375 0.1453125 0.18515625
6 0.56015625 0.53359375 0.115625 0.15078125