1 0.2015625 0.6421875 0.153125 0.43515625
1 0.48046875 0.55703125 0.0828125 0.26484375
3 0.31015625 0.81328125 0.19921875 0.15390625
3 0.4859375 0.77421875 0.1921875 0.16484375
3 0.37265625 0.67890625 0.17578125 0.13125
3 0.8140625 0.7203125 0.15625 0.1265625
5 0.68359375 0.59609375 0.125 0.1578125
5 0.85703125 0.640625 0.1171875 0.171875
5 0.878125 0.56015625 0.05 0.10703125
6 0.97265625 0.55078125 0.0546875 0.1171875
3 0.6015625 0.665625 0.12265625 0.15859375
2 0.7921875 0.5453125 0.1 0.1453125