1 0.30625 0.50078125 0.09140625 0.1296875
1 0.5390625 0.48046875 0.08671875 0.140625
5 0.1671875 0.61484375 0.16328125 0.14921875
3 0.709375 0.7171875 0.14453125 0.10078125
6 0.79453125 0.584375 0.1484375 0.13671875
1 0.22734375 0.4640625 0.08125 0.09921875
6 0.34375 0.60703125 0.15625 0.1484375
5 0.9046875 0.675 0.1625 0.1546875
3 0.65078125 0.61484375 0.1421875 0.07890625
3 0.675 0.5265625 0.11875 0.05703125
5 0.18828125 0.515625 0.0953125 0.10859375
6 0.603125 0.4609375 0.06953125 0.09296875
2 0.37578125 0.7546875 0.2046875 0.20625
3 0.11875 0.79765625 0.22578125 0.140625