5 0.2890625 0.69140625 0.11015625 0.1703125
1 0.3109375 0.48046875 0.07265625 0.15078125
1 0.41015625 0.5640625 0.0765625 0.15078125
6 0.696875 0.58671875 0.09296875 0.1125
1 0.61796875 0.5046875 0.06015625 0.1
1 0.39140625 0.47734375 0.0578125 0.0875
6 0.55078125 0.53359375 0.0640625 0.09453125
6 0.43671875 0.73125 0.1046875 0.16875
1 0.765625 0.634375 0.08515625 0.16640625
6 0.653125 0.6859375 0.121875 0.18671875
6 0.3109375 0.6109375 0.13359375 0.16015625
5 0.3328125 0.50625 0.05546875 0.07578125