2 0.1015625 0.6953125 0.14765625 0.1703125
2 0.2796875 0.7578125 0.16875 0.17421875
3 0.2703125 0.625 0.17265625 0.1046875
1 0.42578125 0.57265625 0.10703125 0.196875
2 0.50390625 0.553125 0.08203125 0.11875
2 0.47109375 0.4984375 0.078125 0.09375
2 0.56640625 0.48984375 0.09296875 0.09453125
3 0.865625 0.509375 0.13203125 0.1
2 0.73984375 0.52890625 0.14921875 0.13828125
2 0.709375 0.6609375 0.1515625 0.12734375
2 0.8875 0.68203125 0.1484375 0.14140625
2 0.875 0.56953125 0.1265625 0.11796875
6 0.60078125 0.771875 0.15703125 0.2125
1 0.8484375 0.75546875 0.17578125 0.2203125