1 0.51796875 0.4671875 0.06875 0.121875
3 0.31328125 0.48828125 0.075 0.05234375
1 0.3828125 0.44921875 0.06328125 0.07109375
1 0.27578125 0.66796875 0.12734375 0.18828125
5 0.59296875 0.4875 0.05625 0.07265625
5 0.3765625 0.5046875 0.06015625 0.084375
6 0.42109375 0.69765625 0.11328125 0.196875
5 0.3015625 0.5734375 0.09375 0.1125
2 0.646875 0.65078125 0.09765625 0.1609375
6 0.678125 0.55390625 0.08984375 0.12734375
1 0.51796875 0.42578125 0.06015625 0.078125
2 0.75234375 0.653125 0.0953125 0.19140625
5 0.403125 0.58046875 0.09453125 0.134375