5 0.19296875 0.68984375 0.13828125 0.328125
5 0.365625 0.59921875 0.1375 0.25625
6 0.11875 0.56875 0.09921875 0.20078125
6 0.0859375 0.48984375 0.0921875 0.15546875
6 0.21484375 0.4828125 0.08125 0.11953125
1 0.36875 0.38828125 0.0734375 0.1453125
1 0.596875 0.39296875 0.0484375 0.1125
1 0.61171875 0.51328125 0.084375 0.1828125
1 0.66171875 0.49765625 0.05 0.18359375
2 0.4453125 0.4328125 0.053125 0.09296875
5 0.4765625 0.50390625 0.09140625 0.16875
5 0.525 0.40546875 0.040625 0.08515625
3 0.40234375 0.4796875 0.09921875 0.0671875
3 0.54453125 0.496875 0.0796875 0.07578125
2 0.8078125 0.48828125 0.15546875 0.171875
2 0.8375 0.46171875 0.0796875 0.14140625
3 0.6890625 0.45703125 0.0859375 0.08203125