1 0.2 0.87265625 0.1546875 0.22890625
5 0.371875 0.87734375 0.12578125 0.2078125
3 0.26640625 0.8078125 0.109375 0.1078125
6 0.25234375 0.6953125 0.09375 0.13359375
5 0.35390625 0.68828125 0.09921875 0.1015625
5 0.359375 0.634375 0.08046875 0.08046875
1 0.50625 0.590625 0.06796875 0.10546875
1 0.53203125 0.64296875 0.075 0.14453125
6 0.5828125 0.63671875 0.065625 0.09296875
5 0.6265625 0.671875 0.0765625 0.11875
3 0.5828125 0.7828125 0.11953125 0.10234375
2 0.709375 0.75546875 0.1015625 0.13359375
1 0.65703125 0.8359375 0.10234375 0.17421875
6 0.80234375 0.85234375 0.11328125 0.1859375