2 0.1484375 0.5890625 0.16484375 0.178125
5 0.2984375 0.5234375 0.11484375 0.1609375
6 0.43125 0.58046875 0.12890625 0.16328125
3 0.40234375 0.490625 0.07265625 0.090625
6 0.58203125 0.43515625 0.0859375 0.12890625
2 0.509375 0.47890625 0.0703125 0.14921875
1 0.6375 0.61171875 0.1453125 0.23046875
3 0.7203125 0.59609375 0.12578125 0.1140625
2 0.75546875 0.4953125 0.11328125 0.15234375
5 0.77578125 0.41796875 0.08359375 0.0890625
1 0.915625 0.42265625 0.12421875 0.16953125
6 0.8546875 0.684375 0.1578125 0.22890625