1 0.2515625 0.4640625 0.11796875 0.21328125
1 0.5515625 0.41953125 0.05703125 0.13984375
1 0.5375 0.3796875 0.0515625 0.09921875
5 0.58125 0.3890625 0.046875 0.071875
6 0.4203125 0.43515625 0.07734375 0.10390625
6 0.4828125 0.42890625 0.0625 0.096875
3 0.4875 0.50703125 0.103125 0.08984375
5 0.7 0.440625 0.0734375 0.09140625
1 0.73046875 0.39921875 0.05078125 0.1359375
1 0.80390625 0.428125 0.08203125 0.21796875
3 0.90625 0.4875 0.10703125 0.0765625
2 0.7078125 0.5140625 0.13203125 0.12734375
2 0.6078125 0.53359375 0.1296875 0.1171875
6 0.17421875 0.625 0.20703125 0.26484375
6 0.36484375 0.55859375 0.16953125 0.23203125