1 0.44453125 0.45859375 0.1046875 0.09140625
1 0.30234375 0.45703125 0.12421875 0.19609375
6 0.41484375 0.54765625 0.10625 0.13984375
6 0.23984375 0.61875 0.1453125 0.1953125
6 0.33046875 0.75859375 0.1578125 0.2296875
3 0.10078125 0.78515625 0.1953125 0.13984375
3 0.759375 0.784375 0.14453125 0.15
3 0.646875 0.50234375 0.065625 0.0671875
3 0.6625 0.56953125 0.071875 0.08359375
3 0.7609375 0.50546875 0.07890625 0.09296875
6 0.8140625 0.546875 0.115625 0.14140625
2 0.86875 0.63359375 0.14453125 0.165625
6 0.7015625 0.6078125 0.12734375 0.20234375