3 0.26640625 0.9015625 0.18046875 0.18125
6 0.44609375 0.840625 0.1171875 0.26015625
2 0.28671875 0.7125 0.13984375 0.19375
3 0.39375 0.73359375 0.0875 0.10625
2 0.37265625 0.63203125 0.096875 0.12109375
1 0.265625 0.57578125 0.08046875 0.15625
5 0.35 0.571875 0.04765625 0.084375
1 0.50546875 0.53828125 0.07421875 0.15546875
5 0.58046875 0.5625 0.07421875 0.0921875
3 0.56171875 0.6359375 0.07109375 0.06953125
6 0.64609375 0.59765625 0.06640625 0.10390625
2 0.61640625 0.67109375 0.11171875 0.15234375
2 0.715625 0.66640625 0.10234375 0.1078125
5 0.7171875 0.76953125 0.11328125 0.1640625
5 0.79765625 0.71875 0.09296875 0.16640625