1 0.2046875 0.83984375 0.14140625 0.209375
5 0.37890625 0.834375 0.12890625 0.209375
5 0.2421875 0.71484375 0.10078125 0.16640625
2 0.35703125 0.721875 0.0796875 0.1328125
5 0.36484375 0.60546875 0.0609375 0.07734375
5 0.36171875 0.6609375 0.10078125 0.12265625
1 0.5328125 0.61328125 0.0765625 0.14375
1 0.5125 0.565625 0.06484375 0.11328125
6 0.5859375 0.603125 0.0609375 0.084375
5 0.62265625 0.6390625 0.071875 0.09609375
3 0.5859375 0.74453125 0.11875 0.121875
2 0.7015625 0.71171875 0.09296875 0.13125
1 0.659375 0.80390625 0.09921875 0.19375
6 0.7921875 0.81171875 0.09453125 0.20234375