2 0.3765625 0.84765625 0.140625 0.20625
6 0.20390625 0.859375 0.16953125 0.246875
5 0.340625 0.7046875 0.1359375 0.15
1 0.2765625 0.55546875 0.08671875 0.103125
6 0.3484375 0.628125 0.08125 0.128125
5 0.275 0.6265625 0.0734375 0.12421875
3 0.496875 0.61328125 0.059375 0.06484375
6 0.5296875 0.62734375 0.05859375 0.128125
1 0.56640625 0.659375 0.103125 0.190625
2 0.62734375 0.6265625 0.08125 0.103125
2 0.69296875 0.69453125 0.1015625 0.1546875
3 0.68046875 0.84453125 0.13203125 0.1265625
5 0.76015625 0.75546875 0.09140625 0.165625