2 0.1578125 0.7171875 0.171875 0.2046875
6 0.49765625 0.49296875 0.09453125 0.1015625
1 0.11875 0.46875 0.12265625 0.14765625
5 0.72265625 0.5265625 0.1234375 0.13671875
1 0.8328125 0.57734375 0.13359375 0.20390625
1 0.30546875 0.51484375 0.11953125 0.17421875
2 0.39375 0.68828125 0.18046875 0.18671875
1 0.56953125 0.51171875 0.0796875 0.14609375
3 0.1453125 0.60234375 0.11640625 0.07734375
2 0.6171875 0.484375 0.07265625 0.08984375
6 0.34375 0.4125 0.07578125 0.08125
6 0.2625 0.3921875 0.0828125 0.103125
2 0.69375 0.659375 0.153125 0.17109375
2 0.25390625 0.4984375 0.14140625 0.1359375