2 0.403125 0.7265625 0.171875 0.20625
2 0.35234375 0.61328125 0.096875 0.1578125
2 0.66796875 0.565625 0.09375 0.13828125
2 0.5640625 0.58046875 0.0984375 0.16015625
6 0.7625 0.67109375 0.12890625 0.196875
6 0.221875 0.7890625 0.17265625 0.26640625
6 0.2078125 0.52890625 0.09765625 0.15234375
2 0.3140625 0.4296875 0.04921875 0.07734375
1 0.37734375 0.4125 0.05234375 0.12109375
1 0.31328125 0.48203125 0.0859375 0.165625
3 0.49453125 0.5390625 0.0921875 0.103125
2 0.58046875 0.49609375 0.08515625 0.11171875
5 0.64375 0.6796875 0.1109375 0.2
3 0.22109375 0.63359375 0.10703125 0.115625