1 0.2546875 0.77421875 0.1671875 0.24296875
1 0.50703125 0.51953125 0.06953125 0.14296875
6 0.67890625 0.709375 0.1265625 0.22421875
6 0.3859375 0.63515625 0.10390625 0.159375
2 0.26640625 0.62421875 0.09375 0.15390625
2 0.346875 0.55703125 0.08984375 0.121875
2 0.43671875 0.7625 0.134375 0.265625
2 0.40703125 0.4546875 0.05390625 0.07265625
5 0.34140625 0.4546875 0.05 0.08515625
5 0.5828125 0.509375 0.06328125 0.1015625
6 0.69375 0.58203125 0.08671875 0.14375
3 0.5875 0.62109375 0.08984375 0.10234375
3 0.784375 0.71328125 0.10859375 0.13515625
3 0.225 0.5796875 0.06640625 0.09453125