1 0.0625 0.575 0.11328125 0.20546875
1 0.1859375 0.71484375 0.1359375 0.25859375
1 0.31953125 0.6921875 0.128125 0.22890625
1 0.20703125 0.584375 0.115625 0.25625
6 0.40546875 0.64140625 0.08671875 0.1640625
2 0.50703125 0.671875 0.1203125 0.26171875
5 0.59296875 0.61953125 0.0828125 0.1171875
5 0.64140625 0.76015625 0.14921875 0.28515625
6 0.734375 0.67421875 0.10703125 0.1609375
5 0.91484375 0.60625 0.0765625 0.1109375
3 0.77890625 0.59140625 0.0953125 0.075
2 0.6265625 0.56875 0.0765625 0.09453125
3 0.66640625 0.56875 0.06171875 0.07734375