5 0.31015625 0.73046875 0.190625 0.259375
3 0.12890625 0.56796875 0.1390625 0.09921875
6 0.24296875 0.51796875 0.10234375 0.16875
6 0.35625 0.58671875 0.1171875 0.1765625
5 0.42109375 0.48359375 0.0640625 0.11484375
5 0.50078125 0.465625 0.065625 0.1
6 0.565625 0.515625 0.0875 0.12734375
1 0.6328125 0.4625 0.08046875 0.16796875
3 0.571875 0.434375 0.06171875 0.0578125
5 0.74921875 0.4625 0.065625 0.09453125
5 0.7953125 0.45859375 0.05625 0.0921875
2 0.9359375 0.52890625 0.109375 0.10234375
2 0.975 0.49765625 0.05 0.1359375
1 0.63984375 0.40859375 0.0625 0.15234375