3 0.4140625 0.7828125 0.1640625 0.1640625
3 0.371875 0.64296875 0.1265625 0.11328125
3 0.3359375 0.55703125 0.10078125 0.09765625
3 0.3875 0.4515625 0.07734375 0.0765625
3 0.66328125 0.72109375 0.12421875 0.1859375
6 0.253125 0.81015625 0.1734375 0.25859375
6 0.6796875 0.56015625 0.1046875 0.15703125
2 0.77890625 0.6671875 0.1265625 0.203125
5 0.5640625 0.490625 0.065625 0.096875
5 0.4875 0.5046875 0.075 0.1140625
5 0.31953125 0.4359375 0.0578125 0.09140625
1 0.22578125 0.56640625 0.11796875 0.21953125
1 0.56328125 0.55625 0.0828125 0.15