6 0.52578125 0.49609375 0.0796875 0.1078125
6 0.884375 0.6515625 0.15234375 0.17265625
1 0.59609375 0.51015625 0.1 0.15546875
3 0.4640625 0.4625 0.07578125 0.06015625
3 0.73828125 0.68515625 0.165625 0.1125
5 0.1546875 0.51796875 0.13515625 0.11484375
5 0.3390625 0.5625 0.11328125 0.13203125
3 0.3984375 0.71171875 0.18203125 0.109375
3 0.17421875 0.771875 0.2328125 0.121875
3 0.15859375 0.6046875 0.15703125 0.08359375
2 0.29765625 0.415625 0.07890625 0.1015625
2 0.27890625 0.496875 0.08828125 0.1203125