1 0.371875 0.45859375 0.09453125 0.1421875
1 0.62421875 0.4765625 0.0890625 0.12109375
6 0.52578125 0.51796875 0.04453125 0.13359375
5 0.359375 0.52734375 0.07421875 0.09765625
3 0.28359375 0.515625 0.09375 0.08046875
3 0.2375 0.56171875 0.10390625 0.09921875
5 0.365625 0.61328125 0.1265625 0.14765625
6 0.4046875 0.778125 0.171875 0.225
2 0.23515625 0.7515625 0.0734375 0.21171875
2 0.6046875 0.6046875 0.08046875 0.134375
3 0.7171875 0.5734375 0.103125 0.153125
1 0.8234375 0.63203125 0.16953125 0.2234375
3 0.665625 0.71484375 0.140625 0.1328125
3 0.56875 0.48515625 0.0609375 0.05546875