2 0.903125 0.74765625 0.18046875 0.215625
6 0.684375 0.57265625 0.1359375 0.16328125
5 0.78671875 0.49296875 0.10234375 0.10078125
3 0.85859375 0.60625 0.17734375 0.0953125
5 0.22890625 0.55625 0.15078125 0.1609375
1 0.6640625 0.41328125 0.10078125 0.10546875
1 0.37578125 0.5078125 0.1328125 0.203125
6 0.4703125 0.44609375 0.078125 0.09453125
5 0.11171875 0.66171875 0.165625 0.20546875
6 0.6953125 0.734375 0.1640625 0.228125
3 0.35703125 0.4640625 0.0796875 0.0578125
6 0.284375 0.72421875 0.19921875 0.21953125