6 0.1 0.83828125 0.18125 0.178125
2 0.3359375 0.809375 0.14140625 0.184375
5 0.33046875 0.66484375 0.13046875 0.11796875
2 0.15234375 0.67578125 0.16015625 0.15703125
5 0.29375 0.5859375 0.09296875 0.1125
5 0.2921875 0.52734375 0.07890625 0.08125
3 0.4859375 0.5453125 0.05859375 0.0515625
6 0.59765625 0.53203125 0.075 0.09296875
6 0.5375 0.58046875 0.08515625 0.10625
6 0.65546875 0.57734375 0.09375 0.0984375
5 0.6109375 0.659375 0.1046875 0.08671875
2 0.7546875 0.6546875 0.11953125 0.121875
6 0.7328125 0.775 0.1578125 0.14609375
3 0.86640625 0.76875 0.11640625 0.09921875