5 0.415625 0.8046875 0.13671875 0.24296875
1 0.17578125 0.79140625 0.17109375 0.34453125
6 0.69453125 0.68125 0.11015625 0.1875
3 0.61015625 0.62578125 0.12265625 0.11953125
3 0.37265625 0.625 0.140625 0.1046875
2 0.21796875 0.70546875 0.09921875 0.19140625
3 0.39453125 0.71796875 0.1546875 0.1140625
6 0.22734375 0.60078125 0.146875 0.15625
5 0.34296875 0.52421875 0.09765625 0.16484375
5 0.55546875 0.49921875 0.1109375 0.13125
6 0.66015625 0.51484375 0.096875 0.1328125
2 0.7484375 0.58203125 0.13203125 0.1296875
3 0.87421875 0.684375 0.1109375 0.12890625
5 0.84296875 0.79453125 0.18359375 0.290625