2 0.19765625 0.77265625 0.1640625 0.17734375
2 0.4 0.784375 0.16015625 0.1875
2 0.25546875 0.5453125 0.084375 0.15234375
5 0.38203125 0.615625 0.103125 0.15234375
5 0.359375 0.54296875 0.084375 0.10703125
3 0.24921875 0.67265625 0.16640625 0.115625
2 0.38046875 0.49140625 0.0734375 0.08203125
2 0.5375 0.53125 0.06875 0.1296875
2 0.61875 0.53125 0.08203125 0.1078125
6 0.60546875 0.6140625 0.103125 0.13828125
2 0.71171875 0.60390625 0.11953125 0.13359375
6 0.67421875 0.71171875 0.10859375 0.21015625
1 0.8 0.64765625 0.13515625 0.20234375