6 0.1375 0.72578125 0.23828125 0.25625
5 0.340625 0.69765625 0.146875 0.1734375
5 0.25390625 0.58828125 0.125 0.1703125
3 0.4078125 0.61171875 0.13203125 0.08515625
2 0.3375 0.490625 0.11875 0.1296875
2 0.46875 0.49453125 0.0875 0.1203125
3 0.3984375 0.46328125 0.07890625 0.0640625
2 0.5125 0.440625 0.08046875 0.08984375
6 0.715625 0.415625 0.103125 0.11875
6 0.8296875 0.478125 0.10625 0.11796875
1 0.69375 0.503125 0.16875 0.1703125
5 0.6765625 0.6734375 0.146875 0.215625
6 0.9 0.734375 0.16640625 0.25