5 0.1140625 0.5578125 0.12109375 0.2578125
5 0.759375 0.4234375 0.09140625 0.16328125
5 0.7359375 0.34921875 0.05703125 0.1
3 0.209375 0.6546875 0.184375 0.20078125
3 0.86640625 0.47265625 0.1265625 0.06875
6 0.2515625 0.46484375 0.1484375 0.19296875
6 0.678125 0.5203125 0.178125 0.24296875
1 0.384375 0.4390625 0.115625 0.27265625
1 0.53984375 0.353125 0.0984375 0.159375
6 0.35078125 0.4 0.0734375 0.17421875
2 0.43125 0.3640625 0.0703125 0.1296875
2 0.86328125 0.40234375 0.115625 0.1265625
2 0.6140625 0.70234375 0.17578125 0.30859375
2 0.85 0.71875 0.178125 0.321875