2 0.5359375 0.525 0.0640625 0.109375
2 0.41640625 0.79296875 0.15078125 0.190625
1 0.8015625 0.66484375 0.11640625 0.2015625
3 0.25078125 0.678125 0.11875 0.1
1 0.38515625 0.584375 0.10625 0.1984375
6 0.67890625 0.721875 0.125 0.18984375
6 0.60703125 0.61640625 0.1109375 0.12890625
6 0.3109375 0.5109375 0.06015625 0.07421875
2 0.3875 0.49609375 0.0609375 0.07890625
3 0.58125 0.50390625 0.05703125 0.06015625
2 0.26484375 0.54765625 0.07734375 0.1453125
2 0.69921875 0.596875 0.07890625 0.15
2 0.2296875 0.815625 0.13984375 0.2140625