6 0.178125 0.75703125 0.2046875 0.2375
2 0.38046875 0.7515625 0.16171875 0.23515625
5 0.2140625 0.58125 0.13671875 0.17265625
2 0.346875 0.59921875 0.14765625 0.14140625
1 0.20234375 0.43046875 0.10625 0.175
1 0.31796875 0.42109375 0.08828125 0.09453125
3 0.47890625 0.46484375 0.06015625 0.103125
1 0.55390625 0.3921875 0.07578125 0.08828125
6 0.5203125 0.4859375 0.06328125 0.14140625
2 0.62578125 0.4765625 0.08359375 0.1046875
2 0.56953125 0.5359375 0.0875 0.1828125
1 0.7 0.50703125 0.08984375 0.18671875
2 0.68203125 0.67109375 0.128125 0.17890625
6 0.8171875 0.6453125 0.10859375 0.21640625