5 0.2671875 0.834375 0.25546875 0.271875
5 0.284375 0.671875 0.13828125 0.1890625
5 0.6515625 0.69609375 0.1140625 0.246875
1 0.165625 0.59375 0.09765625 0.16875
1 0.38125 0.5796875 0.09140625 0.240625
1 0.46171875 0.5953125 0.07578125 0.2171875
2 0.56015625 0.584375 0.08203125 0.14921875
2 0.84375 0.63515625 0.09296875 0.2046875
2 0.9 0.55703125 0.0890625 0.109375
5 0.7515625 0.53984375 0.05703125 0.0984375
1 0.6328125 0.49375 0.046875 0.14140625
5 0.603125 0.53515625 0.0640625 0.11171875
5 0.521875 0.51171875 0.07890625 0.09375