5 0.09453125 0.70703125 0.1890625 0.26875
5 0.30703125 0.64921875 0.15859375 0.271875
6 0.09375 0.59375 0.18671875 0.23359375
2 0.16328125 0.49609375 0.0953125 0.16640625
6 0.2578125 0.4828125 0.13671875 0.1921875
3 0.46875 0.47890625 0.08125 0.115625
5 0.54296875 0.48828125 0.090625 0.12109375
5 0.55078125 0.4375 0.06875 0.10390625
5 0.48515625 0.40546875 0.084375 0.10390625
3 0.61953125 0.43046875 0.07734375 0.10078125
1 0.6828125 0.3796875 0.08203125 0.10546875
1 0.74296875 0.378125 0.071875 0.11796875
1 0.65390625 0.53984375 0.1453125 0.2546875
1 0.74375 0.49375 0.0953125 0.15625