6 0.4046875 0.74453125 0.13359375 0.20703125
1 0.23984375 0.725 0.1484375 0.21796875
6 0.2640625 0.58984375 0.103125 0.17109375
5 0.390625 0.60078125 0.103125 0.12578125
5 0.37421875 0.5265625 0.0703125 0.10234375
3 0.259375 0.553125 0.09453125 0.07421875
3 0.30625 0.50625 0.08046875 0.06015625
1 0.3765625 0.45546875 0.0671875 0.1140625
1 0.62265625 0.471875 0.06328125 0.12109375
6 0.5546875 0.515625 0.06015625 0.1203125
3 0.58984375 0.4828125 0.05703125 0.05390625
3 0.72578125 0.603125 0.1078125 0.09921875
2 0.6734375 0.6875 0.11484375 0.21640625
1 0.82578125 0.65625 0.14453125 0.22265625