3 0.134375 0.5171875 0.15390625 0.13671875
3 0.47109375 0.45859375 0.0953125 0.06953125
3 0.74140625 0.46015625 0.05703125 0.0609375
3 0.86328125 0.43828125 0.0515625 0.06328125
5 0.23671875 0.5078125 0.1296875 0.19140625
5 0.38125 0.484375 0.09609375 0.1484375
6 0.56328125 0.6296875 0.15 0.2765625
6 0.54140625 0.50546875 0.08515625 0.13828125
2 0.69609375 0.54296875 0.10703125 0.18671875
2 0.6703125 0.3828125 0.05390625 0.078125
1 0.7796875 0.39609375 0.0625 0.0921875
1 0.84765625 0.4 0.0890625 0.1203125