2 0.35390625 0.87265625 0.178125 0.17109375
2 0.278125 0.60546875 0.109375 0.10546875
2 0.66640625 0.653125 0.10234375 0.10390625
3 0.31484375 0.76640625 0.153125 0.08515625
6 0.10859375 0.89453125 0.2046875 0.196875
3 0.86640625 0.8265625 0.13125 0.10546875
6 0.52109375 0.65625 0.09453125 0.1171875
1 0.47578125 0.5703125 0.0828125 0.12734375
1 0.13984375 0.70390625 0.1609375 0.15859375
3 0.71875 0.8625 0.15078125 0.14140625
2 0.74765625 0.721875 0.140625 0.1421875
3 0.3 0.68984375 0.1359375 0.07734375
6 0.59921875 0.71640625 0.13125 0.17734375