6 0.84765625 0.57109375 0.09453125 0.17578125
5 0.6421875 0.62890625 0.1203125 0.234375
6 0.74140625 0.49140625 0.03984375 0.084375
5 0.6390625 0.4515625 0.08828125 0.115625
3 0.1890625 0.51953125 0.11171875 0.071875
2 0.9328125 0.51015625 0.06640625 0.0875
2 0.76875 0.48515625 0.05 0.08828125
1 0.53046875 0.4390625 0.07890625 0.14765625
1 0.48359375 0.51484375 0.08125 0.19609375
1 0.3984375 0.41796875 0.05390625 0.1265625
5 0.22421875 0.67421875 0.14375 0.23359375
5 0.35390625 0.58359375 0.10078125 0.18359375
3 0.04609375 0.54609375 0.075 0.08828125
3 0.2328125 0.56328125 0.10078125 0.06328125