1 0.12265625 0.3890625 0.13359375 0.18203125
6 0.3578125 0.66796875 0.2078125 0.23828125
2 0.103125 0.703125 0.20625 0.2546875
5 0.1265625 0.54453125 0.17421875 0.16484375
2 0.2953125 0.39453125 0.13125 0.103125
3 0.28515625 0.475 0.15390625 0.08359375
2 0.309375 0.53046875 0.16953125 0.1546875
2 0.490625 0.3828125 0.09765625 0.1171875
2 0.54921875 0.440625 0.11015625 0.11171875
2 0.76953125 0.51953125 0.140625 0.1046875
2 0.7375 0.63359375 0.1984375 0.215625
2 0.90234375 0.62578125 0.1515625 0.2015625