1 0.15078125 0.7125 0.19296875 0.17890625
1 0.3296875 0.46171875 0.08828125 0.0828125
5 0.31875 0.5203125 0.0984375 0.10390625
3 0.16875 0.55546875 0.1234375 0.0765625
3 0.22421875 0.50546875 0.109375 0.06171875
6 0.36640625 0.753125 0.16953125 0.20390625
5 0.346875 0.5953125 0.11015625 0.1390625
6 0.5671875 0.51015625 0.0890625 0.10390625
1 0.65859375 0.46640625 0.0765625 0.10625
3 0.6078125 0.48046875 0.0671875 0.05
3 0.8 0.59609375 0.1078125 0.09921875
1 0.7078125 0.621875 0.134375 0.1875
1 0.9109375 0.62890625 0.16015625 0.18984375