2 0.45078125 0.74921875 0.15546875 0.16796875
1 0.303125 0.69921875 0.13515625 0.19921875
6 0.3171875 0.5859375 0.0859375 0.1578125
3 0.42265625 0.6125 0.09609375 0.08046875
1 0.3375 0.46484375 0.05546875 0.08828125
2 0.5921875 0.475 0.05703125 0.07734375
5 0.5546875 0.5046875 0.04765625 0.08671875
2 0.63125 0.51328125 0.06796875 0.0765625
6 0.70703125 0.57890625 0.09375 0.1265625
2 0.61328125 0.584375 0.06953125 0.1265625
6 0.68046875 0.69765625 0.11015625 0.159375
3 0.77578125 0.6859375 0.084375 0.10234375