3 0.22734375 0.52109375 0.07734375 0.08515625
1 0.228125 0.45 0.08671875 0.125
3 0.28984375 0.50703125 0.078125 0.08125
3 0.44609375 0.49296875 0.08515625 0.05859375
3 0.4390625 0.5359375 0.06640625 0.053125
5 0.3859375 0.5734375 0.08515625 0.1328125
6 0.4984375 0.61875 0.0984375 0.22421875
5 0.509375 0.51015625 0.05546875 0.0953125
5 0.64296875 0.48203125 0.05625 0.08125
3 0.70546875 0.5328125 0.0625 0.06328125
2 0.7625 0.50625 0.06875 0.09296875
1 0.82109375 0.49765625 0.09453125 0.13359375
3 0.76328125 0.60625 0.11640625 0.12734375