6 0.590625 0.590625 0.10703125 0.1515625
5 0.31171875 0.6921875 0.14453125 0.1640625
1 0.51796875 0.50625 0.09375 0.13671875
1 0.29375 0.6046875 0.12109375 0.128125
2 0.69921875 0.7140625 0.16796875 0.16953125
1 0.18828125 0.50546875 0.1078125 0.0984375
5 0.64375 0.53515625 0.07421875 0.0875
1 0.07890625 0.7078125 0.1578125 0.18125
5 0.17109375 0.61796875 0.12578125 0.1296875
2 0.85078125 0.67734375 0.153125 0.18515625
3 0.3171875 0.5328125 0.078125 0.053125
5 0.590625 0.48984375 0.0671875 0.06640625
2 0.74375 0.5984375 0.13203125 0.12265625