3 0.36640625 0.77109375 0.10703125 0.08359375
6 0.27890625 0.71171875 0.09765625 0.10625
5 0.74609375 0.790625 0.14453125 0.15
1 0.8734375 0.74453125 0.12734375 0.165625
5 0.503125 0.69140625 0.08515625 0.09140625
1 0.16796875 0.68359375 0.109375 0.15625
1 0.24375 0.82421875 0.21328125 0.20546875
6 0.44921875 0.66484375 0.084375 0.09765625
5 0.3390625 0.65078125 0.05625 0.07421875
2 0.4640625 0.834375 0.159375 0.19375
3 0.61484375 0.765625 0.09765625 0.06015625
5 0.26015625 0.65078125 0.075 0.08046875
2 0.6140625 0.6953125 0.11796875 0.08203125