5 0.39296875 0.73828125 0.1328125 0.228125
5 0.24140625 0.640625 0.115625 0.1859375
5 0.3734375 0.6359375 0.11875 0.14765625
2 0.24296875 0.81328125 0.19609375 0.25546875
2 0.32578125 0.55234375 0.08671875 0.13515625
2 0.59453125 0.53125 0.09140625 0.09765625
2 0.50703125 0.55 0.09375 0.1234375
2 0.6671875 0.70078125 0.1359375 0.20546875
3 0.775 0.7171875 0.10859375 0.134375
3 0.58046875 0.6234375 0.11328125 0.10078125
1 0.3328125 0.42421875 0.07734375 0.14453125
5 0.2296875 0.55625 0.0984375 0.11640625