3 0.11953125 0.54765625 0.2359375 0.17109375
3 0.1984375 0.3875 0.1453125 0.11796875
3 0.7078125 0.5 0.165625 0.1484375
3 0.3421875 0.30390625 0.13125 0.0765625
3 0.46640625 0.2140625 0.06953125 0.0734375
1 0.32421875 0.46875 0.1984375 0.25546875
1 0.37890625 0.1625 0.09765625 0.15859375
1 0.8796875 0.421875 0.12890625 0.225
5 0.21328125 0.27578125 0.103125 0.12265625
5 0.5359375 0.2078125 0.07109375 0.06875
5 0.58125 0.28203125 0.09453125 0.11328125
5 0.64375 0.33359375 0.09375 0.1546875
2 0.72421875 0.2828125 0.11328125 0.103125
6 0.35859375 0.37265625 0.12890625 0.125