2 0.12421875 0.66875 0.1890625 0.19921875
5 0.321875 0.46953125 0.06875 0.1109375
2 0.378125 0.440625 0.06015625 0.08125
2 0.47734375 0.4375 0.0546875 0.078125
6 0.41875 0.50234375 0.0921875 0.1125
6 0.37421875 0.584375 0.134375 0.13125
3 0.2953125 0.728125 0.16015625 0.12265625
2 0.75703125 0.43828125 0.09375 0.09921875
1 0.65703125 0.43984375 0.1 0.134375
5 0.68515625 0.565625 0.1046875 0.1109375
6 0.79453125 0.51640625 0.1109375 0.09375
1 0.88203125 0.5359375 0.16640625 0.20703125
2 0.92578125 0.75078125 0.14296875 0.20625
1 0.7046875 0.6640625 0.18359375 0.1921875