2 0.18515625 0.7390625 0.1953125 0.2640625
5 0.17734375 0.5359375 0.1265625 0.128125
6 0.334375 0.5640625 0.13515625 0.13671875
3 0.28125 0.496875 0.11875 0.08359375
1 0.28515625 0.34609375 0.0765625 0.1734375
5 0.36484375 0.390625 0.08515625 0.07890625
3 0.46796875 0.446875 0.10859375 0.06953125
3 0.53046875 0.4984375 0.13359375 0.09375
3 0.60859375 0.55625 0.16484375 0.08984375
5 0.65078125 0.45859375 0.1140625 0.1140625
2 0.8765625 0.6375 0.13203125 0.19609375
6 0.725 0.65234375 0.13984375 0.21640625