3 0.29765625 0.46875 0.0734375 0.125
3 0.37421875 0.471875 0.10078125 0.134375
1 0.23515625 0.56796875 0.146875 0.22890625
5 0.26953125 0.49453125 0.0671875 0.13203125
5 0.3546875 0.528125 0.078125 0.13828125
6 0.37734375 0.63203125 0.13046875 0.1328125
6 0.42265625 0.7640625 0.16640625 0.23515625
1 0.6578125 0.678125 0.0953125 0.21015625
6 0.7421875 0.578125 0.15625 0.2140625
5 0.81953125 0.690625 0.12890625 0.175
3 0.58984375 0.6109375 0.0984375 0.10625
5 0.55078125 0.49921875 0.08125 0.10546875
1 0.57265625 0.434375 0.08203125 0.12578125