1 0.2015625 0.778125 0.1484375 0.33828125
3 0.1234375 0.7828125 0.1171875 0.2921875
2 0.5484375 0.69765625 0.10703125 0.32109375
3 0.6890625 0.77421875 0.10703125 0.23125
1 0.33671875 0.68984375 0.0921875 0.20703125
1 0.42578125 0.60625 0.05859375 0.1921875
1 0.0859375 0.63125 0.07265625 0.284375
5 0.92734375 0.6125 0.11328125 0.11953125
3 0.825 0.61328125 0.1015625 0.08671875
1 0.73125 0.5703125 0.065625 0.06640625
2 0.66015625 0.5703125 0.059375 0.08515625
3 0.62265625 0.64609375 0.0703125 0.0578125
1 0.71171875 0.63671875 0.1125 0.1203125
1 0.61328125 0.51328125 0.05 0.125
3 0.37890625 0.6 0.06796875 0.07578125
5 0.26484375 0.634375 0.09296875 0.165625
2 0.590625 0.5640625 0.04921875 0.08515625