1 0.54921875 0.39140625 0.06484375 0.11796875
1 0.7765625 0.48046875 0.08515625 0.12578125
6 0.34765625 0.49921875 0.1 0.13984375
1 0.7578125 0.6578125 0.128125 0.215625
5 0.26875 0.55625 0.10234375 0.15546875
1 0.45546875 0.46953125 0.0765625 0.17734375
1 0.43671875 0.3703125 0.08671875 0.1484375
5 0.371875 0.58828125 0.08671875 0.1453125
5 0.5 0.45390625 0.05546875 0.1
6 0.67265625 0.4890625 0.0953125 0.12109375
2 0.665625 0.5640625 0.07421875 0.12578125
6 0.5859375 0.65546875 0.1359375 0.19296875