5 0.2 0.62265625 0.15234375 0.20390625
3 0.19609375 0.465625 0.10546875 0.1265625
3 0.0875 0.45 0.09453125 0.07578125
3 0.09609375 0.51953125 0.1078125 0.121875
5 0.4609375 0.47734375 0.1234375 0.1078125
1 0.45703125 0.38515625 0.1296875 0.1640625
2 0.35234375 0.46015625 0.09453125 0.121875
3 0.41796875 0.5546875 0.109375 0.11640625
6 0.74375 0.6453125 0.15546875 0.15625
2 0.90546875 0.62421875 0.18828125 0.15859375
5 0.81484375 0.50546875 0.115625 0.1109375
5 0.67109375 0.45390625 0.11328125 0.109375
5 0.73046875 0.421875 0.07890625 0.090625