6 0.76640625 0.4421875 0.11171875 0.1546875
3 0.70546875 0.41171875 0.0953125 0.08828125
6 0.1953125 0.52109375 0.15859375 0.19140625
6 0.28671875 0.65859375 0.1640625 0.22265625
1 0.91796875 0.53984375 0.1640625 0.2515625
1 0.40234375 0.3828125 0.07734375 0.1234375
3 0.7109375 0.65 0.1328125 0.14765625
5 0.67109375 0.5234375 0.1375 0.134375
3 0.0796875 0.67421875 0.1515625 0.15
1 0.253125 0.35234375 0.1140625 0.20859375
3 0.59765625 0.40859375 0.06875 0.06953125
3 0.3625 0.55 0.08984375 0.09375
3 0.625 0.47734375 0.07890625 0.09140625