3 0.13046875 0.546875 0.09921875 0.0734375
3 0.2328125 0.56640625 0.1015625 0.12421875
1 0.22890625 0.44453125 0.1 0.10703125
3 0.296875 0.50546875 0.0875 0.0703125
2 0.3 0.45546875 0.05234375 0.05390625
5 0.4 0.57421875 0.08984375 0.11484375
6 0.50078125 0.57265625 0.10546875 0.12265625
5 0.515625 0.5109375 0.0640625 0.071875
3 0.4484375 0.53515625 0.0578125 0.05078125
3 0.4453125 0.49296875 0.07578125 0.04921875
1 0.45625 0.43515625 0.07109375 0.09140625
5 0.5171875 0.47265625 0.065625 0.06640625
5 0.634375 0.45234375 0.05859375 0.0578125
5 0.65 0.48359375 0.0609375 0.06953125
3 0.68203125 0.465625 0.0515625 0.0578125
1 0.7125 0.45859375 0.06640625 0.1171875
3 0.6984375 0.5265625 0.0765625 0.07109375
3 0.76484375 0.58984375 0.12265625 0.08515625
1 0.840625 0.50546875 0.128125 0.1265625
2 0.765625 0.51015625 0.0640625 0.07421875