1 0.1265625 0.59375 0.19140625 0.22578125
2 0.234375 0.51171875 0.09453125 0.14375
3 0.2390625 0.46640625 0.1078125 0.06875
1 0.3734375 0.46640625 0.1171875 0.1640625
6 0.340625 0.6546875 0.1625 0.221875
5 0.41484375 0.3546875 0.059375 0.08046875
3 0.4765625 0.38515625 0.07421875 0.03515625
1 0.5421875 0.353125 0.065625 0.103125
2 0.6046875 0.44375 0.07578125 0.11171875
3 0.7390625 0.45859375 0.1015625 0.06875
6 0.69765625 0.64921875 0.1609375 0.21328125
2 0.9171875 0.63359375 0.165625 0.18515625