6 0.409375 0.69296875 0.11171875 0.21640625
1 0.26875 0.6875 0.125 0.20703125
6 0.38203125 0.57265625 0.0703125 0.1234375
5 0.29296875 0.57578125 0.09140625 0.1
1 0.378125 0.45859375 0.06796875 0.06640625
5 0.36953125 0.5109375 0.0734375 0.090625
3 0.325 0.49453125 0.0484375 0.05703125
1 0.51640625 0.4796875 0.0515625 0.1265625
1 0.5734375 0.53125 0.0703125 0.15703125
5 0.60078125 0.50234375 0.0375 0.0890625
6 0.67578125 0.5578125 0.08046875 0.11015625
2 0.63125 0.66015625 0.09765625 0.1765625
3 0.75546875 0.67265625 0.1140625 0.11875