3 0.16484375 0.83515625 0.24765625 0.3296875
5 0.34453125 0.73828125 0.1609375 0.3453125
3 0.18125 0.5203125 0.12734375 0.10390625
6 0.58671875 0.5921875 0.12421875 0.2140625
5 0.409375 0.46796875 0.06640625 0.10234375
5 0.36640625 0.4265625 0.040625 0.096875
5 0.52578125 0.4109375 0.06015625 0.08515625
1 0.6984375 0.38203125 0.046875 0.10390625
2 0.73359375 0.64921875 0.1515625 0.2765625
5 0.8125 0.59140625 0.14765625 0.25390625
3 0.859375 0.5171875 0.10234375 0.1078125
2 0.6671875 0.46015625 0.07109375 0.121875
5 0.7484375 0.41484375 0.06875 0.0859375
5 0.9140625 0.46015625 0.07734375 0.14375
2 0.48515625 0.4515625 0.065625 0.084375
6 0.584375 0.41484375 0.05546875 0.0828125
5 0.66484375 0.5453125 0.06640625 0.15546875