5 0.0984375 0.6015625 0.196875 0.27421875
6 0.228125 0.4765625 0.15703125 0.1796875
3 0.07265625 0.4578125 0.1421875 0.10703125
5 0.38828125 0.403125 0.06953125 0.11796875
5 0.4625 0.3875 0.059375 0.09921875
6 0.49296875 0.43125 0.0953125 0.12890625
1 0.56171875 0.384375 0.08046875 0.17265625
1 0.6078125 0.3375 0.06171875 0.14453125
5 0.7515625 0.3875 0.0640625 0.08828125
5 0.703125 0.39296875 0.05625 0.0953125
2 0.9171875 0.4265625 0.0984375 0.10390625
2 0.840625 0.44296875 0.1 0.09921875
6 0.1859375 0.41015625 0.07734375 0.13203125