2 0.1625 0.71171875 0.18203125 0.2234375
5 0.14453125 0.56171875 0.12265625 0.15390625
6 0.26953125 0.51328125 0.1203125 0.090625
3 0.321875 0.59609375 0.159375 0.10234375
3 0.38671875 0.73046875 0.2125 0.1203125
5 0.253125 0.4 0.0640625 0.0796875
6 0.33359375 0.41015625 0.06484375 0.07890625
5 0.52578125 0.42265625 0.09609375 0.08828125
3 0.496875 0.49921875 0.10625 0.06328125
6 0.6171875 0.4734375 0.09140625 0.08359375
5 0.5671875 0.52109375 0.06328125 0.11875
5 0.87265625 0.6171875 0.125 0.14140625