5 0.4453125 0.6828125 0.203125 0.36484375
5 0.30234375 0.49140625 0.08671875 0.13984375
5 0.42421875 0.46796875 0.059375 0.1078125
5 0.484375 0.45078125 0.06328125 0.09765625
5 0.725 0.440625 0.053125 0.08203125
3 0.13671875 0.49921875 0.10546875 0.08671875
3 0.19453125 0.56328125 0.11015625 0.11796875
3 0.634375 0.48359375 0.09140625 0.078125
3 0.6265625 0.44765625 0.08125 0.0609375
1 0.525 0.409375 0.06015625 0.12890625
1 0.62890625 0.38671875 0.04375 0.10234375
2 0.83671875 0.4796875 0.06875 0.1125
2 0.8875 0.46171875 0.0578125 0.09453125
6 0.56015625 0.50390625 0.084375 0.16640625
6 0.23515625 0.45859375 0.06953125 0.109375