5 0.09375 0.58359375 0.15234375 0.178125
6 0.19140625 0.65390625 0.22578125 0.23125
5 0.20859375 0.515625 0.14609375 0.15
1 0.36875 0.50390625 0.1296875 0.20703125
3 0.38984375 0.440625 0.07890625 0.04609375
6 0.49375 0.43671875 0.0953125 0.08046875
5 0.421875 0.471875 0.08046875 0.07578125
5 0.6765625 0.46484375 0.0875 0.08125
1 0.7875 0.465625 0.11484375 0.1328125
2 0.6453125 0.565625 0.1359375 0.1140625
3 0.8046875 0.590625 0.15859375 0.09296875
6 0.57421875 0.67890625 0.20859375 0.18828125
2 0.7859375 0.72421875 0.175 0.18203125