3 0.08203125 0.528125 0.1640625 0.1125
5 0.21171875 0.403125 0.146875 0.14296875
5 0.3 0.3296875 0.08046875 0.11328125
1 0.359375 0.28203125 0.08515625 0.10703125
1 0.4078125 0.31328125 0.1125 0.13671875
3 0.478125 0.31484375 0.06484375 0.05390625
2 0.39453125 0.4015625 0.1171875 0.13828125
6 0.309375 0.51875 0.17890625 0.20078125
1 0.67578125 0.2796875 0.10390625 0.16015625
6 0.7765625 0.2796875 0.11328125 0.11796875
3 0.8203125 0.35 0.10703125 0.06875
3 0.7078125 0.42421875 0.1703125 0.08984375
6 0.9078125 0.39765625 0.1671875 0.153125
3 0.70859375 0.51875 0.153125 0.1109375
5 0.94140625 0.49296875 0.11640625 0.18125