2 0.33671875 0.6171875 0.0765625 0.1171875
1 0.215625 0.7203125 0.15 0.153125
3 0.66171875 0.86015625 0.10625 0.1625
3 0.76328125 0.83515625 0.10234375 0.1203125
2 0.38671875 0.8890625 0.14296875 0.1828125
3 0.3515625 0.76484375 0.128125 0.096875
6 0.20234375 0.89765625 0.1703125 0.19765625
2 0.4640625 0.60703125 0.0640625 0.096875
6 0.5515625 0.609375 0.0578125 0.11015625
6 0.509375 0.66484375 0.06328125 0.11796875
6 0.56953125 0.7421875 0.0734375 0.21953125
2 0.61875 0.65390625 0.06796875 0.1234375
2 0.68828125 0.7234375 0.103125 0.15546875