1 0.25390625 0.559375 0.11875 0.20234375
2 0.38125 0.47265625 0.08203125 0.08203125
2 0.36953125 0.51875 0.07265625 0.1109375
3 0.30078125 0.5 0.05625 0.06953125
3 0.3859375 0.63515625 0.09375 0.090625
5 0.39921875 0.7203125 0.11328125 0.1734375
6 0.2375 0.72421875 0.1453125 0.22421875
6 0.509375 0.459375 0.05625 0.09921875
1 0.590625 0.54140625 0.08515625 0.17578125
3 0.5421875 0.54609375 0.0609375 0.0796875
2 0.63828125 0.5171875 0.06953125 0.09921875
2 0.79375 0.6921875 0.11171875 0.17578125
1 0.64296875 0.67578125 0.08828125 0.20078125
2 0.26015625 0.51015625 0.08984375 0.1203125