6 0.134375 0.778125 0.19921875 0.2109375
5 0.35390625 0.7609375 0.171875 0.1625
5 0.32734375 0.63203125 0.159375 0.1203125
2 0.3078125 0.54921875 0.11796875 0.0984375
5 0.31484375 0.4890625 0.1140625 0.084375
5 0.67890625 0.69140625 0.125 0.15859375
5 0.90703125 0.7078125 0.1859375 0.16171875
1 0.62109375 0.590625 0.11796875 0.146875
5 0.7765625 0.61484375 0.1703125 0.125
5 0.53046875 0.5375 0.07109375 0.1078125
6 0.48125 0.48828125 0.0921875 0.0984375
3 0.68359375 0.54765625 0.1171875 0.09609375