3 0.26640625 0.87265625 0.18046875 0.1828125
6 0.44921875 0.80078125 0.1328125 0.24140625
6 0.284375 0.69609375 0.1375 0.1703125
1 0.26796875 0.55390625 0.0875 0.175
2 0.3734375 0.6046875 0.08984375 0.1171875
1 0.509375 0.5109375 0.0703125 0.16171875
5 0.5890625 0.53515625 0.07734375 0.090625
3 0.5640625 0.61875 0.084375 0.090625
6 0.65234375 0.571875 0.065625 0.1125
2 0.625 0.65 0.115625 0.16640625
2 0.7234375 0.63671875 0.0984375 0.1390625
5 0.7203125 0.74375 0.1140625 0.16015625
5 0.80078125 0.69609375 0.09453125 0.1734375