1 0.32734375 0.4046875 0.1140625 0.19453125
3 0.7109375 0.58046875 0.1484375 0.11953125
6 0.41640625 0.546875 0.146875 0.13046875
1 0.8125 0.45 0.1046875 0.1546875
1 0.92265625 0.64609375 0.14453125 0.26171875
3 0.246875 0.55 0.1859375 0.121875
2 0.69296875 0.47421875 0.10546875 0.1109375
3 0.70390625 0.72265625 0.171875 0.1609375
2 0.49921875 0.41484375 0.08046875 0.09921875
2 0.134375 0.65859375 0.19921875 0.1953125
5 0.40546875 0.409375 0.07421875 0.096875
2 0.440625 0.4625 0.10234375 0.09765625
3 0.30703125 0.715625 0.19921875 0.1890625