1 0.28515625 0.503125 0.08046875 0.09296875
1 0.528125 0.5140625 0.07109375 0.1359375
1 0.3578125 0.59296875 0.090625 0.12109375
3 0.37421875 0.52890625 0.06796875 0.053125
2 0.65859375 0.71328125 0.13515625 0.16328125
6 0.58046875 0.596875 0.0828125 0.15078125
5 0.62109375 0.54375 0.05625 0.08203125
5 0.3703125 0.709375 0.11484375 0.16640625
1 0.1984375 0.7109375 0.13203125 0.178125
5 0.5796875 0.5046875 0.05390625 0.0640625
5 0.259375 0.61953125 0.0921875 0.13046875
2 0.68359375 0.60625 0.0984375 0.125
6 0.77109375 0.68984375 0.1015625 0.16015625