6 0.240625 0.6484375 0.18828125 0.2265625
3 0.72109375 0.4578125 0.0796875 0.0875
3 0.38203125 0.528125 0.10078125 0.08828125
3 0.328125 0.425 0.11015625 0.08515625
3 0.07734375 0.61796875 0.1546875 0.12578125
6 0.43046875 0.33828125 0.11796875 0.12421875
5 0.23671875 0.46484375 0.140625 0.18671875
6 0.87265625 0.47265625 0.15 0.13046875
2 0.4546875 0.4171875 0.11328125 0.15
2 0.609375 0.72109375 0.1828125 0.31640625
2 0.834375 0.75546875 0.1515625 0.35078125
2 0.73984375 0.35234375 0.09140625 0.11875