6 0.0796875 0.50859375 0.115625 0.203125
6 0.12734375 0.5984375 0.1109375 0.25078125
6 0.20859375 0.48828125 0.1125 0.12578125
5 0.19453125 0.64921875 0.146875 0.21953125
5 0.365625 0.60234375 0.14296875 0.21640625
1 0.35390625 0.38046875 0.12578125 0.13515625
3 0.39765625 0.46640625 0.08828125 0.10390625
3 0.49609375 0.41796875 0.06328125 0.05703125
5 0.52734375 0.4015625 0.0375 0.084375
5 0.47265625 0.48203125 0.08359375 0.11328125
3 0.53828125 0.49765625 0.07109375 0.09921875
1 0.6 0.50859375 0.1015625 0.17421875
1 0.65078125 0.48359375 0.0578125 0.178125
1 0.59921875 0.39296875 0.06640625 0.11875
3 0.69375 0.46015625 0.0640625 0.08203125
2 0.8078125 0.46953125 0.14765625 0.1609375
2 0.84140625 0.4640625 0.0890625 0.13203125