1 0.2265625 0.47890625 0.0953125 0.171875
1 0.53046875 0.434375 0.0625 0.13125
1 0.5015625 0.503125 0.07421875 0.14375
1 0.3953125 0.70859375 0.1375 0.21328125
2 0.2578125 0.74609375 0.15390625 0.21875
2 0.24609375 0.59375 0.1171875 0.16328125
5 0.36875 0.5875 0.09140625 0.13203125
5 0.3875 0.43515625 0.05703125 0.078125
2 0.325 0.52578125 0.0828125 0.096875
3 0.58046875 0.59453125 0.0921875 0.09765625
3 0.58828125 0.51640625 0.06953125 0.059375
3 0.784375 0.6796875 0.14296875 0.1234375
6 0.6515625 0.696875 0.125 0.23203125