1 0.13671875 0.721875 0.1828125 0.209375
1 0.31640625 0.46328125 0.09296875 0.0859375
3 0.2171875 0.51171875 0.109375 0.0625
3 0.14609375 0.5671875 0.1046875 0.071875
5 0.31015625 0.52890625 0.08671875 0.0984375
5 0.33359375 0.59375 0.103125 0.13828125
6 0.3578125 0.759375 0.1734375 0.20234375
2 0.17265625 0.615625 0.1328125 0.16171875
3 0.59921875 0.478125 0.0765625 0.05859375
1 0.65234375 0.4796875 0.0859375 0.125
6 0.54140625 0.51875 0.05859375 0.1171875
3 0.79140625 0.60234375 0.10859375 0.09140625
1 0.6953125 0.634375 0.140625 0.20625
1 0.91171875 0.6484375 0.1765625 0.2