1 0.11953125 0.6640625 0.18828125 0.2953125
1 0.65078125 0.509375 0.10703125 0.13984375
1 0.76328125 0.5109375 0.1125 0.1375
6 0.659375 0.790625 0.1671875 0.2515625
6 0.2875 0.55234375 0.115625 0.1515625
5 0.3015625 0.71171875 0.14609375 0.2546875
5 0.40703125 0.56640625 0.0921875 0.1578125
5 0.46875 0.5359375 0.06640625 0.134375
5 0.65703125 0.640625 0.11171875 0.2109375
3 0.21640625 0.6609375 0.1125 0.13046875
3 0.353125 0.54609375 0.0609375 0.08828125
2 0.875 0.81171875 0.17890625 0.27421875
2 0.80078125 0.69296875 0.153125 0.1921875
5 0.78515625 0.60234375 0.103125 0.14296875