6 0.2203125 0.759375 0.1609375 0.21171875
6 0.59765625 0.57578125 0.109375 0.16484375
6 0.34765625 0.5265625 0.09375 0.13125
6 0.2984375 0.4828125 0.0703125 0.0796875
5 0.39921875 0.7375 0.13125 0.20625
5 0.24453125 0.60390625 0.13046875 0.1671875
1 0.25703125 0.45390625 0.08046875 0.19765625
2 0.36875 0.4640625 0.06953125 0.0796875
2 0.56640625 0.45390625 0.0796875 0.09140625
2 0.61796875 0.49375 0.08125 0.0921875
2 0.6578125 0.690625 0.11796875 0.18984375
3 0.53984375 0.53046875 0.07421875 0.0703125
3 0.78203125 0.69765625 0.1296875 0.13671875
2 0.3765625 0.59765625 0.1109375 0.15546875