1 0.56328125 0.55390625 0.0703125 0.1046875
1 0.51171875 0.58984375 0.08984375 0.14296875
6 0.74375 0.80625 0.14609375 0.17421875
6 0.16328125 0.6515625 0.115625 0.128125
1 0.1171875 0.79765625 0.1609375 0.22109375
2 0.74765625 0.69921875 0.13359375 0.12109375
5 0.3546875 0.7875 0.121875 0.1515625
3 0.20703125 0.74765625 0.0984375 0.08828125
5 0.63359375 0.61875 0.06796875 0.08671875
5 0.5734375 0.671875 0.1015625 0.1328125
5 0.2921875 0.63515625 0.11875 0.11640625
5 0.26796875 0.5859375 0.07265625 0.0890625
3 0.4640625 0.60625 0.05703125 0.06171875
2 0.8984375 0.77890625 0.15390625 0.18125
5 0.30703125 0.71796875 0.09296875 0.11171875