2 0.18515625 0.87421875 0.17265625 0.24921875
1 0.35390625 0.7765625 0.146875 0.29921875
1 0.6046875 0.5046875 0.0859375 0.15703125
1 0.66953125 0.75390625 0.109375 0.1890625
1 0.8 0.68828125 0.13515625 0.23125
2 0.3234375 0.5046875 0.075 0.09140625
2 0.52109375 0.540625 0.07109375 0.11953125
2 0.703125 0.61875 0.09765625 0.14609375
6 0.5921875 0.63671875 0.11015625 0.19609375
2 0.56015625 0.49765625 0.05859375 0.1
3 0.4734375 0.5203125 0.05625 0.0796875
5 0.25234375 0.53046875 0.05078125 0.1140625