6 0.37734375 0.59609375 0.15859375 0.27578125
6 0.19765625 0.6265625 0.2125 0.2609375
2 0.6171875 0.56328125 0.11015625 0.15
2 0.7171875 0.5375 0.1375 0.1453125
1 0.84921875 0.43359375 0.10234375 0.25703125
1 0.5640625 0.4453125 0.06015625 0.13125
1 0.54140625 0.4015625 0.04921875 0.109375
1 0.73828125 0.4078125 0.05859375 0.13828125
5 0.7078125 0.4578125 0.078125 0.09140625
6 0.4265625 0.45234375 0.090625 0.11171875
6 0.490625 0.43359375 0.084375 0.096875
6 0.1234375 0.51875 0.08828125 0.13828125