6 0.253125 0.82265625 0.17734375 0.26953125
6 0.675 0.575 0.11328125 0.1578125
2 0.4234375 0.76328125 0.15234375 0.24140625
2 0.7765625 0.675 0.13828125 0.2
2 0.65546875 0.71171875 0.12109375 0.22578125
1 0.56640625 0.5734375 0.08984375 0.18203125
1 0.2296875 0.58203125 0.128125 0.225
3 0.36875 0.66171875 0.11171875 0.12890625
3 0.325 0.56875 0.10625 0.0859375
3 0.3890625 0.4578125 0.090625 0.071875
5 0.3109375 0.45 0.0625 0.11328125
5 0.48203125 0.5203125 0.07421875 0.1421875
5 0.56015625 0.49453125 0.06484375 0.08828125