6 0.43203125 0.8 0.14140625 0.225
3 0.17734375 0.8609375 0.2109375 0.14375
6 0.19921875 0.70234375 0.134375 0.17265625
2 0.32890625 0.6140625 0.1015625 0.1140625
5 0.32109375 0.5421875 0.0890625 0.08984375
1 0.19296875 0.55078125 0.1015625 0.18671875
1 0.5125 0.50625 0.07734375 0.14453125
5 0.6171875 0.53125 0.0875 0.07421875
3 0.5953125 0.60546875 0.0875 0.06484375
6 0.70546875 0.57109375 0.09375 0.11796875
2 0.6703125 0.64296875 0.13046875 0.1359375
2 0.8015625 0.63515625 0.1296875 0.12890625
5 0.79765625 0.7359375 0.1390625 0.15234375
5 0.9046875 0.69765625 0.10390625 0.16953125