6 0.09921875 0.61875 0.17734375 0.16875
1 0.3171875 0.35078125 0.09609375 0.20234375
2 0.82734375 0.43046875 0.125 0.11328125
2 0.49140625 0.36171875 0.0765625 0.0921875
5 0.2984375 0.61015625 0.134375 0.14453125
2 0.66171875 0.6484375 0.14375 0.2046875
2 0.7734375 0.3703125 0.11328125 0.10703125
2 0.3828125 0.5140625 0.11640625 0.11640625
6 0.3875 0.371875 0.06484375 0.071875
3 0.6578125 0.4390625 0.08046875 0.075
3 0.87421875 0.6921875 0.1671875 0.140625
6 0.86640625 0.51484375 0.16328125 0.1515625