2 0.24375 0.696875 0.15078125 0.22421875
2 0.39140625 0.671875 0.1234375 0.23515625
2 0.59140625 0.465625 0.06328125 0.109375
2 0.384375 0.38828125 0.0703125 0.09609375
5 0.23203125 0.55 0.1234375 0.171875
5 0.31015625 0.48203125 0.0890625 0.1296875
5 0.32109375 0.378125 0.06328125 0.0953125
5 0.5546875 0.521875 0.07421875 0.14921875
5 0.74609375 0.615625 0.09609375 0.17890625
2 0.65625 0.50546875 0.08203125 0.14921875
2 0.634375 0.63046875 0.121875 0.190625
6 0.49609375 0.4765625 0.07890625 0.13203125