2 0.18203125 0.721875 0.13125 0.17734375
2 0.3234375 0.6984375 0.13359375 0.14765625
1 0.57421875 0.546875 0.0703125 0.18046875
2 0.72890625 0.6375 0.1125 0.14140625
6 0.62109375 0.55703125 0.0484375 0.07734375
5 0.10546875 0.64296875 0.1140625 0.1609375
3 0.03984375 0.634375 0.0796875 0.096875
6 0.15625 0.584375 0.08125 0.13046875
1 0.528125 0.53125 0.04296875 0.11953125
6 0.77734375 0.55703125 0.05703125 0.0953125
5 0.653125 0.7046875 0.11015625 0.24296875
5 0.85390625 0.61953125 0.1 0.1484375
1 0.865625 0.51875 0.07890625 0.134375