2 0.19453125 0.72578125 0.1421875 0.1640625
2 0.33203125 0.6984375 0.13671875 0.1453125
5 0.1125 0.64140625 0.13046875 0.175
5 0.6421875 0.675 0.14609375 0.1671875
2 0.7203125 0.6265625 0.1359375 0.13828125
1 0.86953125 0.5515625 0.0671875 0.171875
6 0.61796875 0.55625 0.0546875 0.08515625
1 0.5421875 0.51796875 0.04921875 0.09765625
5 0.58828125 0.52265625 0.04765625 0.0640625
5 0.59375 0.5953125 0.0875 0.09921875
2 0.41328125 0.590625 0.09609375 0.12890625
6 0.16015625 0.59140625 0.0796875 0.13125