6 0.35078125 0.63046875 0.1359375 0.14296875
2 0.296875 0.546875 0.11015625 0.11015625
3 0.875 0.696875 0.12734375 0.09921875
3 0.14609375 0.565625 0.08671875 0.08203125
5 0.2859375 0.44765625 0.071875 0.08515625
6 0.41328125 0.76484375 0.1671875 0.22265625
5 0.60859375 0.50859375 0.08359375 0.09453125
1 0.51484375 0.51953125 0.0921875 0.12421875
1 0.171875 0.753125 0.20390625 0.2140625
6 0.72890625 0.7078125 0.153125 0.196875
6 0.1921875 0.62265625 0.1125 0.15
1 0.76484375 0.5390625 0.15234375 0.1421875
3 0.6203125 0.6078125 0.10859375 0.07890625
2 0.37109375 0.45625 0.08203125 0.0796875