2 0.396875 0.49375 0.07109375 0.07265625
1 0.29453125 0.48671875 0.07578125 0.1421875
6 0.41015625 0.615625 0.08828125 0.1140625
2 0.534375 0.5203125 0.0609375 0.0859375
3 0.39609375 0.559375 0.0734375 0.0625
6 0.68515625 0.57890625 0.08828125 0.109375
1 0.6109375 0.48515625 0.06484375 0.0953125
1 0.753125 0.62578125 0.09375 0.16484375
3 0.64609375 0.6953125 0.115625 0.09765625
2 0.2859375 0.7421875 0.14296875 0.17265625
5 0.59375 0.5671875 0.07265625 0.10703125
3 0.5640625 0.5015625 0.04765625 0.05390625