3 0.18984375 0.52890625 0.15 0.12890625
3 0.26015625 0.38046875 0.1375 0.11796875
3 0.478125 0.23671875 0.0640625 0.0828125
1 0.41171875 0.1765625 0.08359375 0.17890625
5 0.60703125 0.3421875 0.084375 0.15859375
5 0.278125 0.278125 0.0921875 0.15078125
3 0.37890625 0.29765625 0.08671875 0.11015625
6 0.4078125 0.3984375 0.14140625 0.153125
1 0.34765625 0.44921875 0.11328125 0.2265625
2 0.665625 0.3 0.06015625 0.11328125
3 0.6484375 0.484375 0.14296875 0.14765625
1 0.7671875 0.43125 0.11484375 0.22890625