5 0.39140625 0.57109375 0.15078125 0.225
5 0.19375 0.61171875 0.1328125 0.24765625
5 0.4984375 0.4484375 0.08203125 0.12265625
1 0.3953125 0.3421875 0.05703125 0.14765625
1 0.62421875 0.46875 0.09921875 0.196875
1 0.678125 0.44375 0.0765625 0.184375
1 0.6234375 0.35390625 0.04609375 0.14375
1 0.57421875 0.359375 0.06015625 0.109375
3 0.51640625 0.3890625 0.065625 0.05859375
3 0.56171875 0.45 0.07578125 0.06015625
3 0.4140625 0.43515625 0.1125 0.08515625
3 0.29140625 0.53046875 0.12734375 0.09765625
6 0.23671875 0.4390625 0.1390625 0.11796875
6 0.11484375 0.5203125 0.12734375 0.19140625
3 0.71328125 0.42421875 0.0796875 0.0796875
2 0.8125 0.4296875 0.0953125 0.11953125
2 0.86796875 0.42109375 0.0859375 0.1046875