1 0.33203125 0.4203125 0.08828125 0.13203125
1 0.228125 0.46015625 0.08125 0.17578125
5 0.225 0.5828125 0.10703125 0.1765625
2 0.35390625 0.60625 0.14453125 0.15
2 0.39609375 0.734375 0.12734375 0.16640625
6 0.18671875 0.7640625 0.13203125 0.253125
3 0.48828125 0.4640625 0.05703125 0.09140625
1 0.56640625 0.4046875 0.0625 0.09765625
6 0.528125 0.496875 0.0671875 0.146875
2 0.63359375 0.4734375 0.0875 0.0921875
1 0.7125 0.51328125 0.1046875 0.18828125
3 0.6984375 0.69453125 0.12890625 0.1234375
6 0.83125 0.63125 0.115625 0.225