1 0.103125 0.58046875 0.15 0.1921875
6 0.253125 0.5484375 0.16640625 0.14375
2 0.21015625 0.675 0.1671875 0.1390625
3 0.38671875 0.58671875 0.1375 0.1078125
5 0.3765625 0.4703125 0.1 0.1171875
5 0.45859375 0.50078125 0.1046875 0.084375
1 0.46484375 0.41328125 0.11875 0.13046875
3 0.55546875 0.47265625 0.08828125 0.07578125
6 0.53125 0.75625 0.18046875 0.26640625
3 0.703125 0.75546875 0.21328125 0.1453125
5 0.72421875 0.4953125 0.08671875 0.1609375
6 0.79921875 0.62734375 0.19453125 0.1515625
2 0.840625 0.5390625 0.146875 0.096875
5 0.8609375 0.46953125 0.184375 0.13515625