3 0.78515625 0.71328125 0.12890625 0.16484375
2 0.66640625 0.703125 0.115625 0.18984375
3 0.57890625 0.628125 0.11640625 0.1203125
1 0.45703125 0.4703125 0.07265625 0.1375
3 0.3953125 0.4796875 0.0515625 0.06015625
1 0.3328125 0.4125 0.065625 0.13203125
1 0.328125 0.51171875 0.090625 0.15625
2 0.24296875 0.815625 0.171875 0.2515625
5 0.390625 0.715625 0.1140625 0.18984375
5 0.2171875 0.55390625 0.06953125 0.11640625
2 0.51015625 0.53828125 0.07578125 0.11171875
2 0.5953125 0.52890625 0.08203125 0.10390625