3 0.10546875 0.49140625 0.17578125 0.225
5 0.21953125 0.51953125 0.1328125 0.25390625
5 0.35859375 0.5 0.1375 0.1921875
3 0.45859375 0.45390625 0.11796875 0.14375
5 0.46171875 0.5546875 0.103125 0.17578125
6 0.53984375 0.6171875 0.1484375 0.3078125
2 0.67421875 0.559375 0.09921875 0.2515625
1 0.76484375 0.3890625 0.06328125 0.1390625
1 0.8234375 0.42734375 0.06484375 0.1703125
3 0.7734375 0.50703125 0.11484375 0.15078125
6 0.53046875 0.50625 0.10703125 0.15546875
3 0.85546875 0.4515625 0.0734375 0.13515625