1 0.2203125 0.4 0.0734375 0.14765625
5 0.06484375 0.48203125 0.08984375 0.103125
5 0.1453125 0.49921875 0.1046875 0.1109375
3 0.25234375 0.4796875 0.0984375 0.059375
5 0.3328125 0.40625 0.08203125 0.14140625
1 0.3546875 0.5421875 0.10703125 0.184375
3 0.21171875 0.5828125 0.16015625 0.09140625
3 0.440625 0.47109375 0.0765625 0.078125
3 0.46484375 0.54296875 0.0921875 0.1203125
1 0.540625 0.465625 0.06875 0.18203125
1 0.71796875 0.53828125 0.11640625 0.25234375
1 0.74453125 0.44375 0.090625 0.15703125
5 0.86953125 0.51328125 0.14296875 0.1484375
3 0.890625 0.64375 0.196875 0.16875