1 0.05859375 0.58125 0.084375 0.2015625
1 0.2015625 0.58515625 0.08984375 0.19921875
1 0.2921875 0.671875 0.09375 0.1953125
1 0.18125 0.6859375 0.11640625 0.2046875
3 0.0890625 0.6984375 0.13359375 0.128125
6 0.40859375 0.61015625 0.08828125 0.125
3 0.540625 0.5734375 0.07109375 0.065625
3 0.5890625 0.55859375 0.05234375 0.03984375
3 0.7703125 0.59296875 0.08046875 0.06875
3 0.8515625 0.625 0.125 0.09921875
5 0.9171875 0.59609375 0.09140625 0.109375
5 0.63515625 0.68671875 0.12421875 0.15078125
6 0.73203125 0.66171875 0.10390625 0.171875
2 0.5015625 0.6109375 0.11328125 0.14375
5 0.584375 0.6125 0.08125 0.103125
3 0.6640625 0.57421875 0.06640625 0.0515625
2 0.6203125 0.57109375 0.0625 0.07421875