1 0.13515625 0.69453125 0.18515625 0.23515625
5 0.35 0.69375 0.1546875 0.17109375
5 0.17421875 0.5109375 0.0875 0.08203125
2 0.29453125 0.49375 0.0734375 0.075
5 0.1953125 0.58828125 0.14453125 0.1390625
3 0.4625 0.5140625 0.06171875 0.07109375
1 0.5125 0.49765625 0.090625 0.15390625
2 0.57578125 0.49375 0.07109375 0.0859375
5 0.6328125 0.52578125 0.0984375 0.0953125
3 0.6015625 0.609375 0.13515625 0.0890625
3 0.7625 0.59296875 0.1171875 0.07578125
1 0.71015625 0.646875 0.1234375 0.18125
3 0.89296875 0.6828125 0.17265625 0.1109375