1 0.15625 0.66953125 0.178125 0.21796875
2 0.31171875 0.76328125 0.17734375 0.2125
2 0.27421875 0.5609375 0.10078125 0.16796875
1 0.4 0.425 0.07890625 0.1078125
5 0.35 0.4796875 0.0765625 0.11015625
3 0.50625 0.4671875 0.06953125 0.0640625
3 0.40625 0.5953125 0.13203125 0.08125
2 0.796875 0.4484375 0.1234375 0.10625
5 0.7015625 0.47578125 0.0890625 0.1078125
2 0.83515625 0.509375 0.146875 0.09609375
6 0.896875 0.60390625 0.17421875 0.16328125
6 0.72421875 0.7578125 0.1640625 0.171875
3 0.92734375 0.77265625 0.1453125 0.1296875