1 0.375 0.528125 0.10625 0.30546875
1 0.46875 0.45546875 0.05546875 0.1078125
1 0.5796875 0.4453125 0.0453125 0.09921875
1 0.69140625 0.5015625 0.0671875 0.1453125
1 0.14921875 0.56328125 0.08359375 0.1796875
6 0.21328125 0.53046875 0.08203125 0.12890625
3 0.0953125 0.58359375 0.09609375 0.10390625
5 0.29609375 0.55703125 0.09765625 0.1328125
5 0.5234375 0.71875 0.22890625 0.303125
3 0.7203125 0.62421875 0.14921875 0.15078125
2 0.7953125 0.53046875 0.0796875 0.0796875
2 0.83671875 0.509375 0.0625 0.07265625
5 0.64765625 0.49765625 0.05859375 0.07734375
3 0.5828125 0.50625 0.08515625 0.06171875
3 0.5203125 0.490625 0.059375 0.04375
6 0.55546875 0.5421875 0.10546875 0.10390625