6 0.128125 0.7015625 0.175 0.20234375
1 0.69375 0.425 0.09453125 0.13828125
3 0.40078125 0.62265625 0.09765625 0.08984375
1 0.26640625 0.546875 0.1453125 0.18203125
2 0.490625 0.46796875 0.1046875 0.109375
6 0.6953125 0.59609375 0.14296875 0.2
3 0.44140625 0.5484375 0.1046875 0.08515625
2 0.8640625 0.6109375 0.171875 0.175
2 0.325 0.72578125 0.1515625 0.20390625
2 0.4 0.465625 0.07890625 0.1
2 0.83046875 0.53671875 0.1359375 0.1328125
2 0.78203125 0.484375 0.0859375 0.11640625
3 0.88984375 0.78515625 0.14921875 0.2078125
3 0.67421875 0.78671875 0.20234375 0.15625