1 0.36484375 0.3703125 0.06640625 0.12421875
6 0.21171875 0.47578125 0.11640625 0.1203125
6 0.07109375 0.48828125 0.10078125 0.1328125
6 0.1125 0.56875 0.1234375 0.209375
3 0.3015625 0.57890625 0.12421875 0.1125
5 0.20078125 0.67265625 0.20625 0.2890625
5 0.42265625 0.59921875 0.17109375 0.2640625
5 0.48359375 0.49140625 0.09375 0.1671875
3 0.39453125 0.4640625 0.09765625 0.0796875
3 0.553125 0.47421875 0.08359375 0.06640625
3 0.48984375 0.40078125 0.0640625 0.05546875
1 0.55 0.37265625 0.0515625 0.121875
1 0.5890625 0.3640625 0.05546875 0.13359375
1 0.625 0.49921875 0.10703125 0.24140625
1 0.6765625 0.46875 0.08515625 0.1984375
2 0.79296875 0.44921875 0.0953125 0.153125
2 0.8421875 0.43828125 0.07578125 0.1328125