5 0.28359375 0.49375 0.05859375 0.09375
5 0.359375 0.478125 0.05703125 0.08046875
2 0.3515625 0.52578125 0.0578125 0.1109375
5 0.36640625 0.6 0.08203125 0.14140625
6 0.221875 0.7421875 0.1421875 0.21640625
5 0.3875 0.72890625 0.11328125 0.17890625
5 0.62109375 0.68046875 0.08515625 0.190625
5 0.70390625 0.59296875 0.1078125 0.1234375
5 0.79921875 0.69921875 0.125 0.16171875
5 0.496875 0.46875 0.0625 0.1046875
2 0.534375 0.515625 0.05703125 0.125
1 0.5796875 0.55625 0.06640625 0.17890625
3 0.634375 0.5421875 0.0703125 0.07890625