3 0.275 0.62890625 0.065625 0.0578125
2 0.35546875 0.59140625 0.06640625 0.08828125
5 0.24765625 0.7171875 0.08515625 0.1265625
1 0.37578125 0.76328125 0.134375 0.21640625
2 0.18125 0.88828125 0.12578125 0.1828125
2 0.5015625 0.590625 0.05390625 0.10859375
2 0.53359375 0.63125 0.0625 0.13359375
3 0.57421875 0.59765625 0.0578125 0.0671875
1 0.62265625 0.60390625 0.065625 0.134375
5 0.59453125 0.690625 0.0953125 0.13515625
2 0.6765625 0.828125 0.1359375 0.18203125
3 0.790625 0.80625 0.10625 0.11640625