1 0.28125 0.43125 0.04375 0.09609375
1 0.209375 0.51953125 0.06640625 0.11328125
1 0.290625 0.52578125 0.06796875 0.13828125
3 0.253125 0.50859375 0.0828125 0.07734375
3 0.52578125 0.57734375 0.084375 0.0859375
3 0.74609375 0.48984375 0.06015625 0.046875
1 0.63125 0.4296875 0.0265625 0.05859375
2 0.60546875 0.45078125 0.0453125 0.0453125
2 0.64140625 0.46875 0.0390625 0.06328125
6 0.52578125 0.46953125 0.040625 0.0609375
2 0.503125 0.48515625 0.06171875 0.10546875
1 0.465625 0.45390625 0.0390625 0.08125
1 0.58203125 0.51796875 0.0734375 0.12109375
5 0.7859375 0.521875 0.09765625 0.12734375