2 0.27578125 0.70078125 0.17734375 0.22734375
6 0.0859375 0.67578125 0.17109375 0.24921875
1 0.25234375 0.4890625 0.11484375 0.2265625
3 0.35390625 0.59375 0.1140625 0.103125
3 0.39453125 0.53125 0.1203125 0.10078125
3 0.65859375 0.7484375 0.16953125 0.1953125
3 0.8703125 0.73046875 0.17578125 0.1796875
6 0.6453125 0.55859375 0.11171875 0.2171875
2 0.8109375 0.5703125 0.15859375 0.190625
2 0.7796875 0.490625 0.11796875 0.1140625
2 0.74765625 0.45 0.096875 0.11875
1 0.6546875 0.4 0.08828125 0.18671875
2 0.44375 0.44296875 0.09296875 0.1265625
2 0.3484375 0.43515625 0.0734375 0.10859375