1 0.29375 0.46484375 0.10859375 0.1984375
1 0.415625 0.440625 0.0890625 0.0921875
1 0.68125 0.44765625 0.07578125 0.096875
1 0.6203125 0.48828125 0.07421875 0.14921875
3 0.81328125 0.678125 0.1109375 0.10625
6 0.5 0.3875 0.04609375 0.07421875
2 0.3953125 0.65 0.1390625 0.1859375
6 0.5765625 0.48203125 0.0734375 0.08828125
2 0.42421875 0.53203125 0.08515625 0.1359375
3 0.21484375 0.6921875 0.17421875 0.12734375
5 0.53046875 0.378125 0.04453125 0.08359375
2 0.6828125 0.63984375 0.13671875 0.203125