1 0.10078125 0.4796875 0.10546875 0.19609375
1 0.11796875 0.40625 0.11015625 0.1203125
1 0.2234375 0.4109375 0.0921875 0.14296875
5 0.26171875 0.4921875 0.1171875 0.13359375
5 0.1828125 0.64296875 0.1875 0.24296875
3 0.321875 0.59453125 0.16953125 0.1625
2 0.43125 0.45859375 0.11171875 0.14921875
1 0.55 0.37109375 0.0578125 0.109375
1 0.60078125 0.43203125 0.08125 0.16875
6 0.54296875 0.4984375 0.10234375 0.13203125
5 0.64453125 0.4203125 0.0578125 0.09140625
5 0.67578125 0.4140625 0.046875 0.10078125
1 0.7109375 0.43203125 0.05390625 0.11796875
2 0.80546875 0.43203125 0.07578125 0.13125
3 0.6671875 0.575 0.10859375 0.14140625
5 0.87109375 0.49296875 0.103125 0.09765625
5 0.9359375 0.45234375 0.09140625 0.1203125