1 0.21328125 0.51484375 0.11953125 0.1109375
3 0.33203125 0.54453125 0.09921875 0.06796875
3 0.33125 0.59140625 0.1140625 0.0890625
5 0.340625 0.65859375 0.11640625 0.11953125
5 0.15546875 0.76171875 0.15 0.178125
3 0.35078125 0.834375 0.15078125 0.14453125
3 0.7296875 0.778125 0.18984375 0.103125
3 0.9140625 0.76875 0.1640625 0.11015625
3 0.640625 0.66875 0.12421875 0.08359375
5 0.7828125 0.63046875 0.13984375 0.13984375
5 0.659375 0.56328125 0.084375 0.0890625
1 0.54375 0.51875 0.08359375 0.1359375