1 0.2640625 0.584375 0.1234375 0.2875
1 0.45078125 0.55 0.06640625 0.140625
5 0.37890625 0.61640625 0.08203125 0.16640625
6 0.08984375 0.6609375 0.13984375 0.15
2 0.159375 0.5890625 0.09453125 0.13359375
5 0.04609375 0.60546875 0.0921875 0.1328125
2 0.4921875 0.63203125 0.11640625 0.1515625
3 0.53046875 0.56328125 0.08125 0.0828125
6 0.57734375 0.6078125 0.096875 0.1234375
5 0.615625 0.5515625 0.071875 0.08671875
5 0.70859375 0.57578125 0.09140625 0.09453125
6 0.84296875 0.6390625 0.1015625 0.12265625
6 0.91015625 0.60546875 0.090625 0.08125