6 0.28515625 0.72734375 0.103125 0.12109375
3 0.18046875 0.78125 0.09921875 0.06484375
1 0.24296875 0.8390625 0.19140625 0.21796875
3 0.35625 0.7859375 0.12421875 0.090625
5 0.14921875 0.73515625 0.15703125 0.11484375
2 0.47890625 0.846875 0.18125 0.19375
2 0.346875 0.66875 0.0984375 0.0953125
6 0.43828125 0.6765625 0.0734375 0.121875
1 0.50234375 0.6890625 0.109375 0.1375
6 0.60703125 0.70625 0.12265625 0.1015625
3 0.61953125 0.76875 0.11484375 0.07265625
5 0.74140625 0.78828125 0.1625 0.14921875
1 0.86796875 0.73671875 0.13046875 0.1890625