1 0.13359375 0.45390625 0.06953125 0.1515625
1 0.2171875 0.6140625 0.165625 0.33515625
1 0.26640625 0.49140625 0.1328125 0.28671875
1 0.3625 0.4765625 0.0703125 0.171875
1 0.4546875 0.44765625 0.05546875 0.1203125
1 0.621875 0.5046875 0.0859375 0.2296875
5 0.88515625 0.48828125 0.0828125 0.103125
5 0.8234375 0.51484375 0.1125 0.1125
6 0.7578125 0.46328125 0.078125 0.0921875
6 0.47109375 0.52265625 0.1 0.1484375
5 0.53515625 0.5 0.078125 0.1296875
3 0.40703125 0.46640625 0.071875 0.07265625
3 0.08515625 0.58828125 0.12421875 0.1140625
3 0.52578125 0.45625 0.07734375 0.05625
3 0.615625 0.4765625 0.08828125 0.06640625