3 0.1 0.66015625 0.2 0.12421875
3 0.30703125 0.50234375 0.09921875 0.05078125
3 0.359375 0.471875 0.103125 0.0390625
3 0.378125 0.5609375 0.1296875 0.0671875
3 0.65703125 0.51171875 0.09765625 0.05703125
3 0.86171875 0.5828125 0.2046875 0.09140625
6 0.909375 0.67578125 0.18046875 0.16796875
2 0.69375 0.67109375 0.17890625 0.18125
2 0.28828125 0.65859375 0.17265625 0.13828125
1 0.4171875 0.478125 0.10546875 0.0890625
6 0.4796875 0.4578125 0.06875 0.06796875
2 0.665625 0.45703125 0.0890625 0.07109375
5 0.79453125 0.49921875 0.11328125 0.07578125
1 0.7015625 0.52421875 0.153125 0.13203125