6 0.38984375 0.6328125 0.1078125 0.14375
6 0.696875 0.578125 0.08984375 0.13125
5 0.57734375 0.50703125 0.0609375 0.08828125
6 0.259375 0.8328125 0.14921875 0.25078125
2 0.26484375 0.6328125 0.1 0.15234375
1 0.50859375 0.50703125 0.06953125 0.12578125
3 0.23515625 0.565625 0.0796875 0.0859375
2 0.34609375 0.54765625 0.08359375 0.1125
3 0.58984375 0.61171875 0.09375 0.08671875
3 0.7765625 0.703125 0.11953125 0.12578125
2 0.67109375 0.69140625 0.09921875 0.20625
5 0.3359375 0.44921875 0.06328125 0.0953125
2 0.40078125 0.44921875 0.05859375 0.065625