2 0.09921875 0.7140625 0.19375 0.15625
2 0.3671875 0.70859375 0.2296875 0.22734375
2 0.74921875 0.64140625 0.1921875 0.2359375
6 0.91328125 0.63984375 0.1734375 0.22109375
3 0.77734375 0.52578125 0.17734375 0.11015625
3 0.5484375 0.46875 0.12421875 0.09140625
1 0.65390625 0.46171875 0.1703125 0.2046875
2 0.5046875 0.3890625 0.13828125 0.12109375
5 0.13203125 0.5515625 0.1765625 0.2171875
1 0.27265625 0.41640625 0.16796875 0.16484375
2 0.321875 0.38203125 0.090625 0.1015625
3 0.1734375 0.40546875 0.1328125 0.08359375
2 0.6390625 0.4265625 0.1125 0.12265625