6 0.24140625 0.76953125 0.18046875 0.22265625
6 0.71171875 0.571875 0.1265625 0.12890625
6 0.3671875 0.53359375 0.09140625 0.134375
6 0.31171875 0.48828125 0.065625 0.07890625
5 0.25546875 0.6046875 0.12578125 0.171875
5 0.40703125 0.72578125 0.115625 0.171875
2 0.3859375 0.6078125 0.11328125 0.1484375
2 0.37890625 0.46875 0.08046875 0.08125
2 0.578125 0.46328125 0.07421875 0.08671875
2 0.62890625 0.5 0.08359375 0.090625
2 0.665625 0.6875 0.11875 0.20078125
3 0.8015625 0.7046875 0.125 0.11796875
3 0.540625 0.528125 0.08046875 0.078125
1 0.27578125 0.465625 0.09296875 0.19609375