5 0.071875 0.52890625 0.1078125 0.14296875
5 0.1515625 0.55 0.09765625 0.1375
3 0.22421875 0.62421875 0.1625 0.153125
1 0.3765625 0.56875 0.1203125 0.20703125
3 0.27421875 0.52421875 0.1171875 0.10859375
1 0.221875 0.434375 0.1109375 0.16953125
5 0.340625 0.45234375 0.06796875 0.1078125
3 0.4796875 0.5828125 0.09765625 0.15625
1 0.54921875 0.478125 0.0796875 0.1734375
3 0.90859375 0.64609375 0.1828125 0.1609375
5 0.88515625 0.509375 0.11953125 0.14296875
1 0.75625 0.49921875 0.1140625 0.1265625
1 0.75625 0.434375 0.10859375 0.115625
2 0.8546875 0.4671875 0.0875 0.1296875