1 0.23203125 0.70546875 0.13984375 0.23515625
5 0.39375 0.70625 0.11328125 0.175
5 0.28359375 0.60703125 0.08984375 0.15703125
1 0.3734375 0.584375 0.096875 0.11484375
3 0.228125 0.58984375 0.0578125 0.0625
5 0.26484375 0.521875 0.06796875 0.08515625
2 0.34375 0.50546875 0.0734375 0.0765625
3 0.478125 0.52890625 0.05234375 0.0671875
1 0.51484375 0.5046875 0.06328125 0.14921875
2 0.56171875 0.50859375 0.05703125 0.09140625
5 0.59765625 0.5359375 0.06875 0.0984375
3 0.5828125 0.6203125 0.10390625 0.08359375
3 0.70078125 0.6015625 0.08984375 0.075
1 0.665625 0.66015625 0.0875 0.18984375
3 0.80078125 0.69296875 0.14296875 0.10234375