5 0.240625 0.50859375 0.1203125 0.12734375
3 0.24296875 0.62421875 0.146875 0.1125
2 0.33828125 0.490625 0.07890625 0.12421875
2 0.35390625 0.41171875 0.07421875 0.1015625
5 0.409375 0.41796875 0.05078125 0.07734375
5 0.37890625 0.55390625 0.10546875 0.1515625
3 0.25546875 0.7734375 0.17734375 0.1359375
3 0.4484375 0.71484375 0.1109375 0.11640625
3 0.47265625 0.46015625 0.071875 0.0734375
6 0.515625 0.49609375 0.065625 0.12109375
1 0.5796875 0.49296875 0.07109375 0.125
5 0.61953125 0.471875 0.05546875 0.096875
3 0.6640625 0.68203125 0.1515625 0.11171875
6 0.7859375 0.6421875 0.11171875 0.17265625