1 0.2359375 0.4796875 0.09140625 0.16875
1 0.50078125 0.5046875 0.059375 0.1515625
1 0.54140625 0.4265625 0.07421875 0.13046875
1 0.4 0.69296875 0.13984375 0.20625
2 0.2640625 0.74453125 0.134375 0.221875
2 0.25 0.59296875 0.10625 0.159375
5 0.375 0.58515625 0.09765625 0.13203125
5 0.38671875 0.43203125 0.06171875 0.075
5 0.328125 0.4328125 0.0484375 0.0828125
3 0.59375 0.51328125 0.06953125 0.0609375
3 0.58984375 0.59140625 0.08671875 0.1015625
3 0.78203125 0.671875 0.12109375 0.11953125
6 0.67109375 0.69140625 0.121875 0.2296875