6 0.0765625 0.721875 0.15234375 0.20546875
6 0.25234375 0.68359375 0.203125 0.1828125
5 0.1265625 0.60625 0.09375 0.1671875
5 0.253125 0.5359375 0.08671875 0.14296875
5 0.33515625 0.58046875 0.08359375 0.15546875
5 0.72265625 0.6375 0.12734375 0.15625
5 0.67578125 0.5578125 0.06328125 0.1109375
1 0.440625 0.55078125 0.096875 0.31484375
2 0.6359375 0.6828125 0.1828125 0.1890625
1 0.75546875 0.5171875 0.078125 0.12890625
3 0.58984375 0.56171875 0.084375 0.08359375
2 0.634375 0.5171875 0.06171875 0.09140625
5 0.87421875 0.5984375 0.1515625 0.1359375