5 0.13828125 0.60546875 0.19609375 0.2578125
6 0.26015625 0.48046875 0.14140625 0.1859375
1 0.59453125 0.3859375 0.10703125 0.17578125
5 0.41953125 0.43203125 0.07421875 0.15
3 0.1109375 0.4625 0.13515625 0.08671875
6 0.225 0.4203125 0.07109375 0.1359375
5 0.4953125 0.40234375 0.05546875 0.1078125
6 0.5203125 0.446875 0.10625 0.13359375
1 0.63828125 0.35390625 0.05625 0.14453125
5 0.78828125 0.4015625 0.05859375 0.084375
5 0.73671875 0.40390625 0.06171875 0.0890625
2 0.890625 0.46484375 0.09375 0.11484375
2 0.95625 0.440625 0.084375 0.09765625