5 0.2265625 0.6671875 0.13828125 0.1984375
5 0.39140625 0.66953125 0.15390625 0.190625
5 0.2859375 0.53046875 0.09375 0.16640625
5 0.39453125 0.49140625 0.10625 0.13671875
5 0.56875 0.4828125 0.11640625 0.1359375
5 0.5265625 0.40390625 0.0546875 0.115625
5 0.6625 0.68671875 0.11875 0.17578125
2 0.64140625 0.58046875 0.06953125 0.14609375
3 0.43125 0.41875 0.06953125 0.10625
1 0.47265625 0.38984375 0.04765625 0.1875
1 0.29375 0.421875 0.1140625 0.22265625
3 0.403125 0.60390625 0.14609375 0.1390625
2 0.6859375 0.4765625 0.13203125 0.2078125
6 0.7953125 0.67734375 0.11171875 0.20703125