6 0.41484375 0.68671875 0.09453125 0.17890625
1 0.38359375 0.446875 0.0625 0.0765625
3 0.315625 0.48125 0.06171875 0.05546875
5 0.371875 0.50078125 0.071875 0.078125
5 0.290625 0.57734375 0.1046875 0.115625
6 0.396875 0.5625 0.0671875 0.13359375
1 0.5234375 0.42890625 0.05703125 0.09375
1 0.5265625 0.4640625 0.06875 0.12265625
5 0.58984375 0.47734375 0.06640625 0.08984375
3 0.58359375 0.57265625 0.07265625 0.06953125
1 0.6765625 0.5078125 0.09453125 0.1375
2 0.6328125 0.64140625 0.08125 0.19375
6 0.7453125 0.628125 0.08984375 0.14921875