2 0.49375 0.6359375 0.0890625 0.17734375
1 0.053125 0.57109375 0.07578125 0.1828125
1 0.17734375 0.68828125 0.11015625 0.18984375
1 0.1890625 0.5921875 0.08828125 0.165625
1 0.28984375 0.66875 0.09921875 0.184375
3 0.08359375 0.69921875 0.11015625 0.1015625
3 0.77109375 0.59921875 0.08671875 0.0609375
3 0.659375 0.5765625 0.0578125 0.0453125
3 0.5390625 0.5703125 0.05390625 0.053125
6 0.40390625 0.6109375 0.07890625 0.1125
6 0.721875 0.65625 0.10546875 0.15234375
5 0.90703125 0.596875 0.06875 0.08984375
5 0.58359375 0.6171875 0.065625 0.10625
5 0.63828125 0.68515625 0.09921875 0.13984375
2 0.61015625 0.56796875 0.04453125 0.06953125