6 0.10625 0.67890625 0.19375 0.1859375
5 0.32265625 0.6890625 0.1765625 0.13828125
5 0.21171875 0.55390625 0.159375 0.13515625
2 0.38046875 0.5640625 0.13828125 0.12265625
5 0.2890625 0.44765625 0.1 0.11328125
2 0.365625 0.43984375 0.075 0.09375
2 0.48203125 0.44609375 0.12578125 0.090625
6 0.75546875 0.44765625 0.15 0.12265625
3 0.67109375 0.52421875 0.14140625 0.08125
2 0.79921875 0.5234375 0.09921875 0.10546875
2 0.684375 0.60625 0.15078125 0.11953125
6 0.88828125 0.61484375 0.18203125 0.1359375