1 0.22734375 0.68671875 0.15546875 0.240625
5 0.38515625 0.68671875 0.12421875 0.17578125
5 0.35703125 0.60703125 0.06953125 0.1546875
5 0.28046875 0.59296875 0.13671875 0.159375
5 0.2546875 0.50234375 0.065625 0.08125
2 0.34140625 0.484375 0.0640625 0.06953125
3 0.46953125 0.515625 0.05234375 0.08203125
1 0.50703125 0.4890625 0.06484375 0.15234375
5 0.58984375 0.5171875 0.0703125 0.09296875
3 0.57421875 0.6046875 0.1015625 0.090625
3 0.7 0.5953125 0.0859375 0.08671875
1 0.65703125 0.6375 0.0875 0.18203125
3 0.79140625 0.6734375 0.14375 0.11328125