2 0.07578125 0.44765625 0.09296875 0.1171875
2 0.1421875 0.48359375 0.10859375 0.11640625
5 0.19609375 0.40625 0.075 0.08203125
1 0.25078125 0.48828125 0.1015625 0.17578125
3 0.29140625 0.403125 0.06484375 0.0734375
3 0.26015625 0.4375 0.08125 0.0734375
6 0.3421875 0.39609375 0.096875 0.08671875
2 0.34453125 0.53515625 0.1421875 0.1625
1 0.5 0.465625 0.084375 0.21015625
1 0.4546875 0.4078125 0.07421875 0.11640625
1 0.903125 0.53515625 0.17421875 0.2734375
5 0.74140625 0.56953125 0.12421875 0.18515625
6 0.76796875 0.4609375 0.09921875 0.0875
5 0.8578125 0.45546875 0.0859375 0.0984375
1 0.7765625 0.41015625 0.08828125 0.10625
6 0.87421875 0.5078125 0.1265625 0.1265625
3 0.55078125 0.4546875 0.0859375 0.10390625