6 0.23984375 0.7953125 0.13828125 0.2140625
2 0.40625 0.7953125 0.146875 0.20234375
2 0.25625 0.54609375 0.09296875 0.15
3 0.24296875 0.67578125 0.11171875 0.1125
1 0.3828125 0.575 0.109375 0.1953125
2 0.36015625 0.54453125 0.0578125 0.1140625
6 0.30625 0.50546875 0.0640625 0.0765625
2 0.38828125 0.49375 0.0609375 0.0859375
3 0.57734375 0.503125 0.0640625 0.05390625
2 0.53828125 0.52421875 0.06796875 0.12734375
6 0.63046875 0.528125 0.09609375 0.0921875
6 0.60390625 0.6078125 0.11171875 0.1265625
2 0.7078125 0.5890625 0.09765625 0.11015625
6 0.6703125 0.725 0.12109375 0.203125
1 0.8015625 0.67578125 0.09921875 0.23125