6 0.153125 0.83984375 0.184375 0.2546875
3 0.32578125 0.64296875 0.1421875 0.08203125
1 0.1328125 0.57109375 0.14140625 0.21171875
5 0.475 0.503125 0.08828125 0.10625
3 0.2734375 0.546875 0.115625 0.08671875
1 0.578125 0.5515625 0.08828125 0.1421875
2 0.409375 0.7484375 0.18515625 0.22265625
5 0.58515625 0.49140625 0.0703125 0.08359375
3 0.3453125 0.45 0.0859375 0.05546875
5 0.25546875 0.43671875 0.078125 0.09296875
6 0.7390625 0.56328125 0.11875 0.14296875
2 0.840625 0.65390625 0.1515625 0.15703125