1 0.07109375 0.56796875 0.1421875 0.26640625
3 0.19765625 0.69453125 0.146875 0.1640625
5 0.29609375 0.6109375 0.1140625 0.1359375
3 0.0828125 0.85234375 0.15859375 0.19375
3 0.3765625 0.728125 0.1828125 0.15859375
3 0.47265625 0.62265625 0.1375 0.13515625
5 0.56015625 0.74765625 0.17734375 0.20546875
6 0.684375 0.6828125 0.20234375 0.21953125
1 0.5859375 0.49921875 0.1421875 0.1875
6 0.40859375 0.5359375 0.084375 0.1125
5 0.48515625 0.546875 0.103125 0.1046875
3 0.696875 0.6046875 0.09609375 0.1234375
2 0.73828125 0.5421875 0.13671875 0.140625
1 0.87578125 0.5109375 0.146875 0.1828125
3 0.8703125 0.659375 0.1625 0.140625