1 0.10234375 0.83046875 0.17109375 0.2203125
5 0.3484375 0.8296875 0.16015625 0.17421875
2 0.32734375 0.73515625 0.14140625 0.14375
5 0.16875 0.7171875 0.16796875 0.14609375
3 0.21484375 0.628125 0.11171875 0.06328125
2 0.19765625 0.67265625 0.1109375 0.08984375
5 0.32578125 0.6078125 0.125 0.0828125
1 0.71015625 0.79765625 0.14296875 0.17578125
6 0.9171875 0.8125 0.13671875 0.1859375
3 0.63046875 0.7546875 0.13671875 0.1109375
2 0.7796875 0.72578125 0.15 0.12890625
5 0.67578125 0.64296875 0.09921875 0.0828125
1 0.55 0.6140625 0.121875 0.1421875
1 0.509375 0.5609375 0.10234375 0.13515625
6 0.609375 0.59609375 0.075 0.10078125