6 0.1265625 0.90234375 0.18203125 0.1953125
2 0.35234375 0.90234375 0.22578125 0.1953125
3 0.3203125 0.7796875 0.15234375 0.08203125
1 0.13359375 0.721875 0.20546875 0.13828125
3 0.29453125 0.69609375 0.13359375 0.0765625
2 0.290625 0.625 0.11171875 0.08515625
2 0.16328125 0.61640625 0.11484375 0.0765625
3 0.72578125 0.88515625 0.16875 0.15625
3 0.8671875 0.85390625 0.15234375 0.146875
6 0.6078125 0.7328125 0.1109375 0.16171875
2 0.74296875 0.73984375 0.14140625 0.11640625
6 0.51875 0.67109375 0.1171875 0.11875
2 0.64375 0.65625 0.11171875 0.11640625
2 0.4515625 0.61796875 0.12109375 0.1
6 0.56796875 0.615625 0.1015625 0.09765625