5 0.09765625 0.625 0.16796875 0.1515625
6 0.2421875 0.678125 0.2125 0.171875
1 0.36640625 0.52109375 0.146875 0.13671875
5 0.396875 0.4953125 0.09765625 0.0609375
3 0.3375 0.46953125 0.0703125 0.04609375
6 0.4515625 0.46484375 0.10234375 0.06484375
6 0.62890625 0.45234375 0.11953125 0.078125
5 0.64375 0.484375 0.08671875 0.06796875
1 0.771875 0.47578125 0.1421875 0.11015625
6 0.66015625 0.56953125 0.17578125 0.1015625
3 0.8359375 0.584375 0.19765625 0.084375
6 0.665625 0.67421875 0.19921875 0.16953125
2 0.8796875 0.69921875 0.20078125 0.16953125