1 0.346875 0.43125 0.0890625 0.11796875
1 0.3171875 0.5578125 0.065625 0.15234375
1 0.55546875 0.4328125 0.06015625 0.13515625
1 0.64453125 0.4078125 0.04765625 0.15546875
1 0.69296875 0.43359375 0.03671875 0.08515625
3 0.84453125 0.525 0.09453125 0.09296875
3 0.90234375 0.49375 0.09609375 0.06640625
3 0.646875 0.58203125 0.12734375 0.10078125
3 0.2109375 0.5421875 0.1 0.07421875
3 0.04296875 0.51015625 0.0859375 0.0828125
5 0.1640625 0.4671875 0.09140625 0.1140625
5 0.7203125 0.53203125 0.13359375 0.13515625
6 0.7578125 0.453125 0.06640625 0.08671875
6 0.39921875 0.4921875 0.075 0.13125
2 0.49765625 0.4625 0.06015625 0.0921875
2 0.1015625 0.53984375 0.11171875 0.14921875