3 0.0796875 0.5796875 0.09609375 0.14765625
1 0.153125 0.56328125 0.08359375 0.190625
2 0.215625 0.534375 0.0828125 0.1234375
5 0.28984375 0.5625 0.08359375 0.153125
1 0.36796875 0.54375 0.0921875 0.3359375
5 0.3984375 0.5125 0.0609375 0.12265625
5 0.52734375 0.70234375 0.2203125 0.2546875
5 0.4515625 0.50859375 0.06875 0.10546875
1 0.46875 0.46171875 0.0546875 0.13125
3 0.51640625 0.478125 0.05859375 0.06328125
1 0.5796875 0.43671875 0.0640625 0.09453125
3 0.58125 0.49296875 0.0703125 0.0546875
3 0.6125 0.53515625 0.08515625 0.0640625
6 0.55390625 0.540625 0.090625 0.1140625
6 0.6515625 0.49296875 0.05 0.071875
1 0.69609375 0.49296875 0.08359375 0.1265625
3 0.7125 0.5953125 0.103125 0.11328125
2 0.80078125 0.53671875 0.09375 0.08125
2 0.8390625 0.49296875 0.09296875 0.08515625