3 0.78359375 0.6625 0.1265625 0.08984375
3 0.5703125 0.59921875 0.09140625 0.0859375
1 0.2140625 0.671875 0.1328125 0.21015625
1 0.50390625 0.4828125 0.0703125 0.14921875
3 0.6890625 0.58828125 0.090625 0.07265625
5 0.371875 0.690625 0.1125 0.15703125
1 0.646875 0.63359375 0.09375 0.16328125
5 0.58203125 0.5125 0.06171875 0.084375
5 0.24140625 0.5046875 0.06328125 0.0765625
5 0.35703125 0.59921875 0.0859375 0.14765625
3 0.465625 0.49921875 0.05234375 0.065625
2 0.33046875 0.49375 0.07734375 0.08671875
2 0.3234375 0.5328125 0.0796875 0.1171875