1 0.103125 0.71640625 0.17734375 0.2125
5 0.321875 0.70859375 0.15 0.175
5 0.18046875 0.62109375 0.1265625 0.13984375
1 0.309375 0.5953125 0.12578125 0.11640625
3 0.2671875 0.58203125 0.071875 0.0515625
1 0.20859375 0.50234375 0.10078125 0.096875
3 0.32265625 0.53359375 0.08671875 0.059375
1 0.53515625 0.51640625 0.09453125 0.13828125
5 0.6046875 0.50078125 0.0734375 0.07265625
5 0.6609375 0.54375 0.07578125 0.09375
6 0.60390625 0.60234375 0.1203125 0.14921875
5 0.7640625 0.60546875 0.1234375 0.125
2 0.70078125 0.7109375 0.146875 0.178125
2 0.86796875 0.6953125 0.14296875 0.18828125