6 0.10859375 0.48203125 0.1 0.15546875
6 0.246875 0.4734375 0.11171875 0.10703125
6 0.14296875 0.54921875 0.109375 0.1828125
5 0.215625 0.65078125 0.1734375 0.26953125
5 0.39921875 0.59140625 0.14375 0.23984375
5 0.503125 0.48203125 0.08203125 0.153125
3 0.30703125 0.56640625 0.12890625 0.10859375
3 0.42109375 0.46015625 0.0953125 0.075
3 0.525 0.41953125 0.059375 0.06953125
3 0.56953125 0.47890625 0.0765625 0.06796875
3 0.72265625 0.4453125 0.08046875 0.071875
1 0.3984375 0.37578125 0.07890625 0.1328125
1 0.5890625 0.3875 0.0671875 0.121875
1 0.62734375 0.3734375 0.05078125 0.13828125
1 0.6421875 0.5046875 0.071875 0.2125
1 0.68828125 0.478125 0.053125 0.184375
2 0.46953125 0.41640625 0.046875 0.0796875
5 0.54921875 0.3796875 0.03828125 0.0671875
5 0.75234375 0.41640625 0.05859375 0.065625
2 0.80859375 0.453125 0.090625 0.13515625
2 0.86796875 0.4453125 0.0640625 0.125