6 0.2328125 0.76640625 0.1734375 0.22421875
6 0.36015625 0.5234375 0.078125 0.12578125
6 0.3078125 0.4859375 0.05859375 0.08125
6 0.6015625 0.5734375 0.09609375 0.16328125
5 0.40546875 0.72578125 0.134375 0.19140625
1 0.25703125 0.54296875 0.13203125 0.23125
1 0.2703125 0.45 0.06875 0.17578125
2 0.37265625 0.4671875 0.07734375 0.0875
2 0.378125 0.61171875 0.1140625 0.15234375
2 0.57265625 0.45703125 0.0765625 0.0921875
2 0.63203125 0.5 0.08125 0.09921875
2 0.70546875 0.571875 0.1203125 0.13046875
2 0.671875 0.6921875 0.1390625 0.20625
3 0.7890625 0.69140625 0.13046875 0.1515625
3 0.54375 0.5203125 0.0828125 0.09375