5 0.14375 0.63203125 0.1109375 0.16171875
3 0.26484375 0.62265625 0.1015625 0.0921875
5 0.38046875 0.59921875 0.1046875 0.13359375
3 0.23828125 0.73359375 0.1765625 0.12421875
2 0.54140625 0.5046875 0.05703125 0.12734375
2 0.46484375 0.53828125 0.084375 0.1609375
5 0.728125 0.5578125 0.078125 0.15546875
6 0.8609375 0.53671875 0.11640625 0.11640625
2 0.671875 0.6359375 0.10390625 0.19609375
3 0.86953125 0.61796875 0.09609375 0.103125
5 0.60078125 0.74375 0.12890625 0.21171875
3 0.79921875 0.83359375 0.159375 0.15