1 0.69765625 0.44375 0.11796875 0.1703125
1 0.778125 0.3890625 0.09609375 0.134375
1 0.103125 0.59375 0.1703125 0.18125
1 0.8484375 0.53515625 0.16328125 0.1953125
3 0.64453125 0.58203125 0.140625 0.09140625
5 0.45390625 0.4640625 0.0828125 0.09921875
1 0.53125 0.40703125 0.0921875 0.096875
3 0.41640625 0.4375 0.084375 0.05234375
3 0.3296875 0.4875 0.09609375 0.0609375
5 0.240625 0.5234375 0.13203125 0.12578125
2 0.55546875 0.6921875 0.140625 0.21875
2 0.7765625 0.7390625 0.19296875 0.23984375
5 0.825 0.4828125 0.090625 0.11328125
6 0.2109375 0.66640625 0.18515625 0.19765625