2 0.2546875 0.7109375 0.140625 0.22578125
2 0.38515625 0.5078125 0.07734375 0.11171875
2 0.40859375 0.46171875 0.06640625 0.09296875
1 0.27578125 0.546875 0.11953125 0.18359375
3 0.40078125 0.62109375 0.08671875 0.0921875
5 0.41484375 0.703125 0.1265625 0.16171875
3 0.31640625 0.484375 0.06484375 0.0734375
6 0.5234375 0.45 0.065625 0.09609375
3 0.559375 0.53359375 0.06484375 0.08125
6 0.65703125 0.5140625 0.0734375 0.1015625
6 0.6140625 0.5703125 0.08828125 0.171875
5 0.65703125 0.67109375 0.10234375 0.20078125
6 0.8015625 0.68125 0.1 0.165625