6 0.1015625 0.621875 0.196875 0.1734375
5 0.23203125 0.4890625 0.159375 0.1640625
1 0.33828125 0.34609375 0.096875 0.20390625
1 0.3953125 0.36171875 0.07421875 0.08984375
2 0.5046875 0.36328125 0.071875 0.10390625
6 0.4296875 0.41953125 0.11171875 0.10703125
6 0.40546875 0.50859375 0.11953125 0.1375
5 0.3171875 0.625 0.1140625 0.1515625
2 0.69140625 0.653125 0.14453125 0.2078125
3 0.8921875 0.69140625 0.190625 0.16484375
2 0.83828125 0.4328125 0.103125 0.1203125
2 0.76796875 0.36484375 0.11953125 0.1359375
3 0.6734375 0.428125 0.0921875 0.10703125