6 0.121875 0.80859375 0.1921875 0.17421875
6 0.18125 0.66640625 0.1671875 0.14296875
5 0.33828125 0.64765625 0.1125 0.12421875
5 0.31171875 0.5765625 0.10859375 0.103125
3 0.50703125 0.5296875 0.06953125 0.07109375
6 0.61328125 0.52734375 0.06796875 0.0890625
6 0.68828125 0.56796875 0.0984375 0.11328125
6 0.55234375 0.56640625 0.08203125 0.1140625
5 0.63046875 0.64921875 0.11015625 0.08359375
2 0.778125 0.6453125 0.1234375 0.1265625
6 0.753125 0.7625 0.153125 0.16796875
3 0.89140625 0.76328125 0.11953125 0.10234375