6 0.715625 0.6578125 0.09140625 0.1515625
1 0.16875 0.78984375 0.1265625 0.28984375
2 0.49140625 0.696875 0.07578125 0.30625
5 0.91171875 0.6 0.075 0.0921875
1 0.30546875 0.68125 0.11796875 0.22421875
1 0.1953125 0.58671875 0.11796875 0.2328125
1 0.0640625 0.58046875 0.09296875 0.2140625
6 0.409375 0.59765625 0.0796875 0.1734375
5 0.6421875 0.68203125 0.11640625 0.190625
3 0.86171875 0.62734375 0.125 0.11015625
3 0.78125 0.590625 0.078125 0.0921875
5 0.59296875 0.6125 0.07734375 0.1484375
3 0.5484375 0.57578125 0.05546875 0.128125