5 0.32734375 0.5890625 0.05703125 0.08515625
6 0.24921875 0.64453125 0.09609375 0.1328125
5 0.35390625 0.63515625 0.08984375 0.1265625
5 0.3640625 0.709375 0.08515625 0.11796875
3 0.2734375 0.73671875 0.11953125 0.10390625
1 0.2234375 0.8046875 0.1328125 0.2171875
5 0.390625 0.78984375 0.11875 0.1875
3 0.4765625 0.60625 0.071875 0.0640625
1 0.5546875 0.5375 0.06328125 0.09453125
1 0.50859375 0.584375 0.0609375 0.14296875
5 0.5625 0.65390625 0.04921875 0.13515625
5 0.60625 0.6171875 0.05234375 0.0890625
2 0.6921875 0.69296875 0.1046875 0.12890625
6 0.68984375 0.80703125 0.1109375 0.16640625
2 0.79453125 0.77578125 0.12265625 0.18046875