2 0.21171875 0.7921875 0.1296875 0.20703125
2 0.39765625 0.78515625 0.15390625 0.2265625
5 0.3875 0.61640625 0.12109375 0.1484375
3 0.25390625 0.67109375 0.12578125 0.11015625
2 0.2453125 0.540625 0.078125 0.1609375
2 0.3921875 0.49765625 0.06328125 0.103125
5 0.3625 0.54296875 0.0640625 0.11640625
2 0.5359375 0.51953125 0.07890625 0.1359375
2 0.6265625 0.5359375 0.09296875 0.1140625
6 0.5984375 0.61484375 0.10390625 0.12734375
2 0.7234375 0.61171875 0.0890625 0.14921875
6 0.66875 0.71484375 0.1171875 0.22421875
1 0.8203125 0.63984375 0.13828125 0.2390625