1 0.19296875 0.76484375 0.1609375 0.346875
5 0.41875 0.79609375 0.134375 0.2546875
3 0.41328125 0.70859375 0.1609375 0.11015625
2 0.225 0.709375 0.10703125 0.15625
3 0.38671875 0.62265625 0.1390625 0.09453125
6 0.23359375 0.5890625 0.11875 0.1515625
5 0.56015625 0.4859375 0.0953125 0.13203125
2 0.659375 0.4953125 0.0890625 0.13359375
3 0.62421875 0.615625 0.12890625 0.08828125
2 0.74609375 0.56875 0.1390625 0.1390625
6 0.7078125 0.66875 0.12890625 0.178125
3 0.86640625 0.6765625 0.13046875 0.1171875
5 0.8578125 0.7765625 0.1828125 0.22421875