1 0.2296875 0.5328125 0.07421875 0.10078125
1 0.265625 0.51484375 0.04296875 0.0671875
1 0.3015625 0.45625 0.04921875 0.09765625
1 0.32265625 0.53359375 0.08359375 0.11171875
1 0.46640625 0.46796875 0.0375 0.0640625
1 0.57421875 0.51640625 0.06484375 0.084375
3 0.521875 0.57421875 0.08359375 0.08046875
2 0.49765625 0.5046875 0.05703125 0.08671875
1 0.61875 0.44296875 0.02265625 0.05078125
1 0.659375 0.4859375 0.03046875 0.0546875
3 0.721875 0.49453125 0.0515625 0.04609375
5 0.7640625 0.509375 0.07421875 0.0828125