1 0.2734375 0.665625 0.128125 0.18125
6 0.41328125 0.6984375 0.10390625 0.20078125
2 0.39296875 0.56640625 0.0703125 0.12421875
5 0.3015625 0.57421875 0.0703125 0.1125
5 0.36484375 0.51328125 0.0578125 0.09453125
3 0.31484375 0.49140625 0.06640625 0.05
1 0.37890625 0.45625 0.06328125 0.0765625
1 0.5203125 0.4734375 0.0609375 0.12421875
1 0.5171875 0.41953125 0.05859375 0.06328125
5 0.59140625 0.4921875 0.059375 0.08515625
3 0.57578125 0.57578125 0.07734375 0.0828125
1 0.67265625 0.5046875 0.0875 0.1203125
2 0.63046875 0.64921875 0.08515625 0.16640625
2 0.73671875 0.63984375 0.08359375 0.16328125