2 0.4234375 0.72421875 0.16171875 0.20625
2 0.375 0.6 0.10546875 0.13046875
2 0.4015625 0.4421875 0.0640625 0.08828125
2 0.33984375 0.42265625 0.0640625 0.10234375
5 0.24765625 0.725 0.12890625 0.19453125
5 0.32734375 0.525 0.084375 0.13984375
5 0.4625 0.46171875 0.06328125 0.11796875
5 0.51640625 0.50859375 0.08515625 0.10546875
6 0.5984375 0.5109375 0.096875 0.1
6 0.6671875 0.69453125 0.12734375 0.19921875
3 0.58125 0.60703125 0.11796875 0.11484375
3 0.78359375 0.70078125 0.11484375 0.13515625
1 0.23203125 0.53828125 0.1203125 0.190625