1 0.27734375 0.43984375 0.0640625 0.1609375
1 0.25625 0.5453125 0.1140625 0.19765625
6 0.23671875 0.7578125 0.175 0.196875
5 0.396875 0.715625 0.11640625 0.1671875
2 0.38828125 0.60703125 0.10703125 0.11640625
2 0.3734375 0.46796875 0.08125 0.078125
6 0.36484375 0.52265625 0.09140625 0.11015625
3 0.5421875 0.525 0.071875 0.0625
2 0.5734375 0.46015625 0.0796875 0.0859375
2 0.634375 0.49765625 0.0734375 0.08984375
2 0.659375 0.67109375 0.1125 0.1640625
3 0.7984375 0.69296875 0.115625 0.11640625
2 0.70546875 0.5703125 0.10859375 0.10546875