5 0.453125 0.5546875 0.078125 0.20859375
5 0.38359375 0.5765625 0.07109375 0.23203125
2 0.659375 0.57109375 0.0671875 0.13984375
2 0.8109375 0.478125 0.0453125 0.0953125
2 0.69609375 0.490625 0.04375 0.08828125
5 0.18984375 0.64140625 0.11171875 0.3125
2 0.6828125 0.53046875 0.06015625 0.11484375
5 0.7703125 0.58828125 0.075 0.24375
1 0.6234375 0.4390625 0.0609375 0.09609375
5 0.52421875 0.63125 0.08359375 0.18671875
6 0.62421875 0.68203125 0.11875 0.2671875
5 0.74140625 0.4703125 0.04375 0.07109375
6 0.58046875 0.565625 0.0890625 0.12109375
1 0.62421875 0.47109375 0.04609375 0.13671875
5 0.26640625 0.57265625 0.1171875 0.2265625