2 0.1078125 0.69453125 0.196875 0.16171875
2 0.28125 0.7703125 0.1484375 0.18203125
3 0.2671875 0.61328125 0.1671875 0.11171875
1 0.42578125 0.5796875 0.12578125 0.20390625
2 0.50078125 0.54609375 0.0796875 0.11328125
6 0.46875 0.50390625 0.07734375 0.07578125
2 0.5921875 0.50078125 0.125 0.075
2 0.7375 0.534375 0.12421875 0.1078125
3 0.86015625 0.5203125 0.13984375 0.0765625
6 0.8890625 0.57734375 0.1390625 0.09453125
2 0.71328125 0.65390625 0.15859375 0.11640625
2 0.89296875 0.6703125 0.17421875 0.140625
6 0.60546875 0.7765625 0.17265625 0.171875
1 0.840625 0.753125 0.1703125 0.2140625