2 0.28203125 0.50546875 0.05546875 0.0734375
5 0.2484375 0.53359375 0.075 0.1109375
5 0.35703125 0.49296875 0.05703125 0.08046875
2 0.35390625 0.53671875 0.06796875 0.1015625
5 0.36328125 0.62890625 0.1109375 0.13125
5 0.384375 0.746875 0.1171875 0.17421875
6 0.225 0.75 0.14140625 0.221875
6 0.490625 0.47890625 0.0484375 0.09453125
5 0.52109375 0.5203125 0.0578125 0.1046875
3 0.62890625 0.55703125 0.07734375 0.0578125
1 0.57734375 0.571875 0.0765625 0.1609375
5 0.62421875 0.68671875 0.08828125 0.17265625
5 0.79375 0.71484375 0.11328125 0.15546875
5 0.6953125 0.60625 0.1046875 0.13984375