5 0.36171875 0.68828125 0.1546875 0.15
1 0.24453125 0.5265625 0.190625 0.1796875
3 0.4078125 0.5953125 0.134375 0.08984375
2 0.3484375 0.48046875 0.09765625 0.134375
2 0.47734375 0.48046875 0.09609375 0.09765625
3 0.4171875 0.43984375 0.07578125 0.07265625
2 0.540625 0.42734375 0.1234375 0.1078125
6 0.73359375 0.396875 0.12890625 0.12578125
3 0.7171875 0.48515625 0.1078125 0.08359375
6 0.87890625 0.4796875 0.16875 0.1328125
1 0.70390625 0.515625 0.18828125 0.21171875
5 0.67421875 0.66484375 0.18046875 0.20859375
2 0.89296875 0.728125 0.171875 0.203125