6 0.1265625 0.7484375 0.14765625 0.19765625
5 0.3796875 0.71328125 0.12734375 0.15
5 0.16796875 0.6078125 0.17265625 0.140625
2 0.35078125 0.6 0.13203125 0.14296875
1 0.19453125 0.46171875 0.0953125 0.19765625
6 0.31875 0.5234375 0.1078125 0.11484375
2 0.33515625 0.46640625 0.1 0.0828125
2 0.24140625 0.48046875 0.07578125 0.075
2 0.60234375 0.45625 0.09609375 0.0890625
3 0.56171875 0.525 0.078125 0.06015625
1 0.646875 0.53828125 0.11484375 0.140625
2 0.740625 0.69140625 0.14765625 0.17578125
3 0.89453125 0.68515625 0.146875 0.10234375