2 0.34375 0.825 0.16484375 0.18828125
3 0.87734375 0.759375 0.128125 0.10234375
6 0.7375 0.79375 0.15703125 0.14609375
6 0.52734375 0.5859375 0.0875 0.12109375
6 0.09765625 0.8515625 0.178125 0.18046875
2 0.165625 0.67421875 0.15859375 0.16640625
5 0.2921875 0.60078125 0.11484375 0.11484375
5 0.32578125 0.67265625 0.12734375 0.12890625
3 0.48203125 0.5484375 0.06640625 0.0640625
2 0.7546875 0.65234375 0.13046875 0.13125
5 0.2875 0.53203125 0.08828125 0.0859375
2 0.66875 0.57734375 0.1015625 0.1296875
5 0.59921875 0.63203125 0.1125 0.13125