6 0.39921875 0.5515625 0.140625 0.1796875
6 0.275 0.4625 0.1265625 0.16015625
3 0.22578125 0.59375 0.1984375 0.15390625
3 0.38515625 0.47265625 0.09140625 0.07578125
3 0.553125 0.42265625 0.065625 0.0734375
3 0.51015625 0.38671875 0.0625 0.084375
3 0.58515625 0.3765625 0.06953125 0.06328125
3 0.66953125 0.54375 0.11328125 0.11171875
1 0.26640625 0.325 0.08828125 0.1515625
1 0.78984375 0.484375 0.128125 0.21875
2 0.7015625 0.44453125 0.0921875 0.1234375
6 0.64921875 0.4 0.06953125 0.11328125
5 0.60234375 0.45546875 0.09140625 0.11015625
2 0.36328125 0.40546875 0.07734375 0.11796875
1 0.35546875 0.3453125 0.065625 0.06953125