2 0.1765625 0.7203125 0.128125 0.159375
2 0.31640625 0.70078125 0.13671875 0.13828125
3 0.23671875 0.65859375 0.0828125 0.08984375
5 0.09453125 0.6453125 0.11953125 0.15859375
1 0.56484375 0.54375 0.0734375 0.17578125
5 0.834375 0.58828125 0.09921875 0.10859375
6 0.609375 0.5578125 0.0484375 0.08671875
6 0.1546875 0.5890625 0.09140625 0.1453125
3 0.040625 0.64140625 0.0765625 0.0875
1 0.5328125 0.52109375 0.06015625 0.1015625
6 0.7765625 0.5578125 0.05390625 0.09375
3 0.7453125 0.5859375 0.04375 0.06171875
2 0.721875 0.63671875 0.08515625 0.1140625
1 0.85234375 0.5125 0.06171875 0.1140625
5 0.58359375 0.5125 0.03984375 0.04140625