1 0.13203125 0.52734375 0.0953125 0.25625
5 0.06875 0.53828125 0.0703125 0.11015625
1 0.20859375 0.4671875 0.09375 0.17734375
5 0.25390625 0.5640625 0.12734375 0.13984375
3 0.2109375 0.68515625 0.12734375 0.109375
3 0.34453125 0.64453125 0.134375 0.11171875
3 0.54453125 0.5984375 0.15546875 0.1125
2 0.43828125 0.5296875 0.08828125 0.1171875
6 0.50390625 0.509375 0.07109375 0.09609375
1 0.6109375 0.43359375 0.04921875 0.0984375
5 0.621875 0.49140625 0.059375 0.0796875
6 0.684375 0.4765625 0.05703125 0.096875
6 0.659375 0.61171875 0.125 0.146875
5 0.7453125 0.5703125 0.10703125 0.12265625
1 0.83203125 0.50390625 0.06875 0.19609375
5 0.9234375 0.521875 0.11953125 0.103125