5 0.24921875 0.7421875 0.13125 0.22578125
5 0.33125 0.53203125 0.0828125 0.14609375
5 0.46328125 0.459375 0.0671875 0.09921875
5 0.51484375 0.52421875 0.08671875 0.121875
2 0.425 0.7234375 0.1625 0.18828125
2 0.36796875 0.61796875 0.09921875 0.1578125
2 0.40703125 0.453125 0.0640625 0.084375
2 0.33828125 0.428125 0.07578125 0.096875
2 0.65703125 0.7 0.125 0.203125
6 0.59921875 0.51875 0.10234375 0.0953125
3 0.5796875 0.60859375 0.10625 0.09375
3 0.7796875 0.70390625 0.12265625 0.1234375
1 0.23515625 0.54765625 0.11875 0.17578125