1 0.23671875 0.55 0.1203125 0.1859375
5 0.24609375 0.73828125 0.13515625 0.1921875
5 0.51875 0.51640625 0.08046875 0.10234375
6 0.59921875 0.51640625 0.09453125 0.08984375
2 0.425 0.73125 0.1390625 0.1890625
2 0.37734375 0.596875 0.1015625 0.13125
5 0.46328125 0.4609375 0.0671875 0.10546875
3 0.58203125 0.5890625 0.09453125 0.08125
2 0.66484375 0.678125 0.13359375 0.1796875
3 0.78828125 0.68828125 0.13203125 0.103125
2 0.4046875 0.44296875 0.06953125 0.08359375
2 0.34140625 0.42265625 0.05390625 0.09609375
2 0.3421875 0.52734375 0.0890625 0.11171875