1 0.41875 0.16484375 0.07265625 0.15
3 0.39296875 0.30625 0.08046875 0.07421875
5 0.53125 0.21796875 0.0546875 0.0578125
1 0.790625 0.42578125 0.10390625 0.19453125
3 0.2828125 0.38359375 0.09375 0.1015625
5 0.29140625 0.2796875 0.084375 0.11875
5 0.571875 0.2875 0.06796875 0.1109375
1 0.3734375 0.45625 0.13125 0.196875
3 0.48671875 0.2234375 0.05234375 0.04609375
2 0.67734375 0.2953125 0.08828125 0.1
3 0.6625 0.49921875 0.12265625 0.12421875
3 0.21640625 0.5421875 0.17265625 0.1265625
5 0.61484375 0.33203125 0.0609375 0.1265625