2 0.06484375 0.59375 0.103125 0.17421875
2 0.125 0.684375 0.16796875 0.19140625
6 0.178125 0.5203125 0.171875 0.165625
5 0.32734375 0.4546875 0.09921875 0.12109375
2 0.4078125 0.50234375 0.1234375 0.12421875
1 0.42421875 0.40625 0.11015625 0.128125
3 0.50859375 0.46640625 0.121875 0.08828125
2 0.78671875 0.4921875 0.153125 0.12734375
5 0.6578125 0.5078125 0.109375 0.11796875
2 0.77421875 0.5625 0.1453125 0.1
6 0.7515625 0.66953125 0.1828125 0.171875
6 0.459375 0.75546875 0.228125 0.18359375
3 0.64921875 0.8234375 0.2 0.1296875