2 0.1234375 0.85859375 0.21328125 0.221875
1 0.3484375 0.78359375 0.15546875 0.2953125
5 0.1515625 0.71796875 0.15390625 0.1625
6 0.30703125 0.73046875 0.0875 0.14375
5 0.4703125 0.58984375 0.0671875 0.0984375
2 0.53203125 0.6390625 0.0890625 0.11875
3 0.57578125 0.60859375 0.053125 0.0625
1 0.63828125 0.609375 0.103125 0.1328125
3 0.6171875 0.7265625 0.12890625 0.1015625
2 0.76015625 0.7046875 0.1015625 0.1265625
1 0.70703125 0.7671875 0.10546875 0.2015625
6 0.896875 0.7921875 0.13671875 0.178125