2 0.296875 0.55546875 0.10703125 0.1109375
6 0.353125 0.63203125 0.13515625 0.14140625
5 0.2875 0.45234375 0.07265625 0.08515625
3 0.15078125 0.56640625 0.0890625 0.0875
1 0.51484375 0.51328125 0.09375 0.1328125
3 0.87578125 0.6984375 0.13125 0.10078125
5 0.61015625 0.509375 0.0859375 0.09375
6 0.73359375 0.7046875 0.15625 0.20625
3 0.621875 0.60703125 0.10859375 0.078125
6 0.19453125 0.6296875 0.115625 0.15625
1 0.17109375 0.76328125 0.20625 0.2109375
2 0.37578125 0.45859375 0.0859375 0.08515625
2 0.415625 0.7453125 0.13828125 0.2296875