5 0.17265625 0.23984375 0.0734375 0.08671875
5 0.27890625 0.23515625 0.08359375 0.09765625
5 0.27265625 0.290625 0.1125 0.0984375
5 0.7125 0.4296875 0.14375 0.16953125
2 0.8609375 0.4375 0.13125 0.17578125
2 0.11328125 0.49921875 0.20078125 0.228125
3 0.36796875 0.5140625 0.184375 0.13515625
3 0.3140625 0.39375 0.11484375 0.08125
3 0.14765625 0.39609375 0.23359375 0.12734375
2 0.134375 0.2828125 0.10546875 0.140625
1 0.61640625 0.2390625 0.0734375 0.12421875
1 0.753125 0.27421875 0.1296875 0.14453125
6 0.75546875 0.3578125 0.1375 0.1265625
6 0.52578125 0.28515625 0.0875 0.109375
6 0.5765625 0.2359375 0.0625 0.10859375