5 0.38515625 0.75078125 0.12265625 0.18515625
6 0.2265625 0.76875 0.134375 0.23125
5 0.3640625 0.628125 0.10859375 0.1328125
2 0.28203125 0.51484375 0.05546875 0.08671875
2 0.353125 0.5453125 0.06796875 0.10625
5 0.35625 0.503125 0.0625 0.084375
5 0.24765625 0.5453125 0.07109375 0.12578125
5 0.625 0.709375 0.09609375 0.20390625
5 0.79375 0.72109375 0.1140625 0.17265625
5 0.6984375 0.61484375 0.1140625 0.14609375
5 0.52421875 0.53046875 0.065625 0.1125
1 0.5890625 0.58359375 0.0734375 0.15546875
6 0.49375 0.48984375 0.04765625 0.10234375
3 0.6359375 0.5671875 0.06796875 0.065625