3 0.128125 0.55234375 0.18515625 0.30390625
5 0.24921875 0.55546875 0.12421875 0.29296875
5 0.39296875 0.5328125 0.08046875 0.1953125
3 0.3546875 0.446875 0.0796875 0.1234375
3 0.46015625 0.49296875 0.08828125 0.15859375
3 0.53515625 0.39140625 0.03203125 0.05625
2 0.6078125 0.6265625 0.10703125 0.2890625
5 0.76328125 0.634375 0.12734375 0.24609375
2 0.6359375 0.53359375 0.125 0.1640625
3 0.70625 0.49375 0.08984375 0.1171875
5 0.7203125 0.43515625 0.078125 0.0859375
5 0.75703125 0.41015625 0.04453125 0.10078125
2 0.80390625 0.44453125 0.05625 0.0875
2 0.84609375 0.49296875 0.08125 0.1359375