5 0.140625 0.52421875 0.128125 0.18125
5 0.26640625 0.49765625 0.12890625 0.1578125
5 0.225 0.45390625 0.0890625 0.1375
6 0.2359375 0.65234375 0.15703125 0.25390625
6 0.40625 0.5734375 0.171875 0.259375
6 0.43203125 0.415625 0.07890625 0.13046875
6 0.48671875 0.39375 0.0640625 0.10546875
3 0.51015625 0.46640625 0.0875 0.08203125
1 0.53203125 0.33984375 0.05546875 0.115625
1 0.56953125 0.39375 0.08828125 0.165625
5 0.584375 0.35546875 0.046875 0.078125
1 0.74140625 0.35078125 0.040625 0.1296875
2 0.6296875 0.509375 0.09609375 0.14921875
2 0.73125 0.4796875 0.12890625 0.1140625
3 0.93359375 0.42890625 0.0625 0.08046875