5 0.0703125 0.56015625 0.06015625 0.13984375
1 0.125 0.53515625 0.1125 0.27109375
1 0.21328125 0.50078125 0.10546875 0.203125
5 0.25234375 0.5671875 0.11796875 0.146875
3 0.21015625 0.69921875 0.1390625 0.1203125
3 0.3625 0.65625 0.146875 0.115625
2 0.4359375 0.56015625 0.09453125 0.16640625
2 0.50234375 0.5171875 0.0703125 0.1140625
6 0.65546875 0.6390625 0.14140625 0.19375
2 0.74375 0.58046875 0.109375 0.1328125
5 0.57421875 0.53671875 0.0703125 0.11015625
5 0.625 0.49765625 0.05859375 0.0875
3 0.5390625 0.61484375 0.146875 0.1296875
6 0.68671875 0.48359375 0.06328125 0.0921875
1 0.6171875 0.43828125 0.05234375 0.0890625
1 0.83203125 0.50625 0.0796875 0.1859375
5 0.92890625 0.5359375 0.1265625 0.13203125
5 0.56640625 0.48203125 0.071875 0.08125
2 0.73984375 0.51640625 0.071875 0.0859375