3 0.86171875 0.46015625 0.09140625 0.0546875
6 0.33515625 0.67578125 0.18984375 0.2671875
6 0.4921875 0.6140625 0.15703125 0.2703125
5 0.17265625 0.55546875 0.13515625 0.20390625
5 0.29921875 0.5078125 0.12265625 0.1421875
5 0.225 0.459375 0.0875 0.11875
2 0.653125 0.53125 0.12421875 0.1328125
2 0.734375 0.49609375 0.1078125 0.12109375
5 0.71015625 0.4078125 0.0984375 0.0796875
6 0.42109375 0.42890625 0.0828125 0.1125
6 0.48515625 0.41484375 0.05703125 0.10546875
5 0.54765625 0.375 0.05546875 0.08125