2 0.2953125 0.60546875 0.08046875 0.084375
1 0.18828125 0.6734375 0.115625 0.17890625
3 0.309375 0.6875 0.1078125 0.06484375
3 0.33359375 0.7578125 0.12890625 0.0671875
2 0.36796875 0.8796875 0.16171875 0.1953125
6 0.10625 0.88359375 0.178125 0.2078125
1 0.48046875 0.5703125 0.07421875 0.12734375
6 0.53671875 0.64765625 0.10234375 0.11484375
2 0.6703125 0.65078125 0.0796875 0.1015625
2 0.7515625 0.71953125 0.11796875 0.1296875
6 0.60546875 0.7109375 0.103125 0.16484375
3 0.74765625 0.86171875 0.125 0.1265625
3 0.89140625 0.83515625 0.15390625 0.10625