6 0.28125 0.7296875 0.14609375 0.22109375
3 0.41875 0.746875 0.1296875 0.16171875
2 0.40546875 0.59765625 0.0890625 0.15
1 0.296875 0.49921875 0.078125 0.18515625
2 0.3890625 0.48671875 0.0671875 0.071875
5 0.3296875 0.49453125 0.04765625 0.07890625
2 0.53515625 0.51796875 0.0578125 0.0953125
3 0.56328125 0.4984375 0.040625 0.06875
1 0.6046875 0.49296875 0.0578125 0.11171875
2 0.5890625 0.57265625 0.07578125 0.14296875
3 0.67421875 0.59609375 0.09296875 0.08359375
3 0.64296875 0.69921875 0.121875 0.11015625
1 0.7546875 0.62890625 0.08984375 0.184375