1 0.1578125 0.38984375 0.14453125 0.14609375
3 0.15 0.525 0.1375 0.0875
2 0.83828125 0.46171875 0.16640625 0.13515625
3 0.79765625 0.59765625 0.15234375 0.09921875
3 0.1546875 0.6140625 0.21328125 0.128125
5 0.3765625 0.54609375 0.128125 0.16796875
5 0.66171875 0.47890625 0.13515625 0.12734375
3 0.1453125 0.7796875 0.19296875 0.159375
2 0.73203125 0.40078125 0.11953125 0.12578125
5 0.58359375 0.38828125 0.10078125 0.13046875
2 0.41015625 0.71953125 0.17734375 0.27734375
6 0.91796875 0.66796875 0.15390625 0.29296875