6 0.79609375 0.48984375 0.1171875 0.1171875
1 0.3859375 0.52265625 0.12890625 0.14921875
6 0.65546875 0.4828125 0.1078125 0.12109375
3 0.68203125 0.58125 0.15078125 0.0890625
5 0.12890625 0.62890625 0.16875 0.20234375
6 0.4796875 0.428125 0.084375 0.10234375
6 0.85546875 0.5765625 0.153125 0.171875
6 0.22890625 0.553125 0.1484375 0.1484375
5 0.3796875 0.428125 0.07265625 0.08046875
2 0.90546875 0.7265625 0.17578125 0.228125
6 0.28125 0.71875 0.17578125 0.20390625
2 0.740625 0.43046875 0.10234375 0.1109375
1 0.65859375 0.71484375 0.2234375 0.31015625
2 0.296875 0.45546875 0.1390625 0.15078125