2 0.22265625 0.8953125 0.1484375 0.209375
1 0.38671875 0.828125 0.121875 0.275
5 0.2421875 0.7578125 0.1234375 0.16328125
2 0.3546875 0.7703125 0.0890625 0.15625
6 0.24921875 0.6390625 0.065625 0.0984375
2 0.3328125 0.68125 0.08125 0.14140625
5 0.47890625 0.6296875 0.0515625 0.11640625
2 0.52890625 0.67421875 0.071875 0.13203125
3 0.56328125 0.6359375 0.046875 0.0640625
1 0.61015625 0.64296875 0.0703125 0.15390625
3 0.58828125 0.76796875 0.10703125 0.1078125
2 0.69140625 0.74375 0.0921875 0.13359375
1 0.66796875 0.83671875 0.0875 0.2125
6 0.80234375 0.8359375 0.12265625 0.20234375