6 0.71171875 0.7015625 0.19140625 0.13671875
6 0.50234375 0.67421875 0.15078125 0.1515625
3 0.57421875 0.59296875 0.17421875 0.071875
2 0.76015625 0.52109375 0.13125 0.09140625
2 0.62734375 0.51328125 0.10859375 0.06171875
5 0.6546875 0.4640625 0.128125 0.071875
1 0.4546875 0.4375 0.08359375 0.07578125
3 0.34765625 0.45703125 0.07109375 0.04453125
6 0.25546875 0.47421875 0.11875 0.08125
5 0.15234375 0.52265625 0.128125 0.10390625
1 0.28984375 0.5375 0.11171875 0.084375
5 0.17421875 0.6359375 0.14921875 0.0984375