6 0.13046875 0.74609375 0.1765625 0.1984375
5 0.3765625 0.7171875 0.1421875 0.15078125
2 0.35234375 0.59375 0.13125 0.1359375
6 0.3265625 0.5203125 0.11640625 0.115625
6 0.24921875 0.47890625 0.07890625 0.07421875
2 0.34140625 0.4578125 0.109375 0.0875
2 0.74765625 0.70625 0.18046875 0.21484375
3 0.89765625 0.68671875 0.1640625 0.1234375
2 0.80625 0.55234375 0.1546875 0.14296875
1 0.6421875 0.5234375 0.128125 0.17578125
2 0.6890625 0.49375 0.10234375 0.090625
2 0.603125 0.45 0.12109375 0.08046875
3 0.5546875 0.525 0.1234375 0.0875