5 0.146875 0.62890625 0.17578125 0.28203125
5 0.34375 0.57578125 0.14140625 0.253125
5 0.48203125 0.4640625 0.084375 0.134375
6 0.20859375 0.4546875 0.10546875 0.115625
6 0.096875 0.521875 0.12265625 0.18984375
1 0.603125 0.48984375 0.10703125 0.21171875
1 0.6671875 0.46640625 0.04921875 0.17578125
1 0.62421875 0.3625 0.04375 0.12421875
1 0.57734375 0.36953125 0.05625 0.12265625
1 0.3890625 0.3578125 0.0609375 0.14375
3 0.40546875 0.4625 0.0859375 0.109375
3 0.5171875 0.40625 0.059375 0.0765625
3 0.71171875 0.4484375 0.08046875 0.103125
3 0.55234375 0.46875 0.06328125 0.0671875