2 0.1609375 0.6890625 0.17265625 0.20078125
2 0.48828125 0.45703125 0.09765625 0.1078125
1 0.571875 0.40078125 0.08125 0.13125
6 0.35546875 0.66796875 0.15390625 0.22734375
5 0.14140625 0.52265625 0.11796875 0.15546875
1 0.64765625 0.58046875 0.1453125 0.1875
5 0.81484375 0.58359375 0.11875 0.1375
5 0.25078125 0.36875 0.0890625 0.09453125
6 0.7171875 0.48671875 0.11953125 0.146875
5 0.23828125 0.46640625 0.11171875 0.11328125
2 0.334375 0.38359375 0.08984375 0.10078125
5 0.54765625 0.49609375 0.078125 0.125
5 0.3109375 0.5375 0.11796875 0.134375