2 0.31953125 0.64375 0.17421875 0.17265625
3 0.11328125 0.67578125 0.2265625 0.12265625
6 0.2359375 0.54921875 0.16171875 0.10078125
1 0.303125 0.44375 0.11796875 0.13515625
5 0.4828125 0.4578125 0.07421875 0.06328125
2 0.42578125 0.49375 0.09921875 0.07890625
1 0.7609375 0.43515625 0.125 0.08515625
2 0.67109375 0.4859375 0.1015625 0.0875
5 0.79921875 0.50234375 0.1140625 0.08671875
2 0.6921875 0.55625 0.1390625 0.09765625
2 0.86640625 0.571875 0.1890625 0.08828125
5 0.9171875 0.6640625 0.165625 0.14375
1 0.7046875 0.6359375 0.165625 0.1609375