6 0.140625 0.74453125 0.18203125 0.21171875
5 0.89296875 0.70703125 0.16640625 0.16328125
1 0.6125 0.56015625 0.0953125 0.1703125
5 0.771875 0.59453125 0.14296875 0.134375
5 0.35234375 0.7328125 0.15546875 0.16640625
3 0.68203125 0.53359375 0.07890625 0.08203125
5 0.66953125 0.67578125 0.11796875 0.18828125
5 0.328125 0.60546875 0.1125 0.12890625
2 0.30703125 0.528125 0.096875 0.1015625
5 0.21171875 0.49296875 0.0828125 0.084375
5 0.31484375 0.4796875 0.084375 0.07578125
5 0.4890625 0.46484375 0.08359375 0.103125