6 0.26953125 0.51328125 0.096875 0.13515625
3 0.3078125 0.4953125 0.0625 0.078125
2 0.3796875 0.4828125 0.07109375 0.10390625
5 0.40390625 0.71640625 0.1109375 0.16640625
2 0.25 0.7359375 0.13046875 0.24765625
6 0.5109375 0.46796875 0.06171875 0.09921875
2 0.546875 0.515625 0.06875 0.11015625
2 0.63203125 0.51484375 0.078125 0.10078125
6 0.60546875 0.59375 0.0984375 0.1390625
6 0.79765625 0.690625 0.1 0.17578125
6 0.6734375 0.70078125 0.11484375 0.21171875
5 0.25859375 0.609375 0.13125 0.1578125