1 0.540625 0.46484375 0.0875 0.146875
1 0.30546875 0.48515625 0.0890625 0.13828125
6 0.78125 0.57578125 0.14609375 0.134375
6 0.3421875 0.60078125 0.1546875 0.15234375
5 0.89921875 0.67265625 0.159375 0.15
3 0.65078125 0.603125 0.1453125 0.07890625
3 0.70546875 0.7125 0.14140625 0.09921875
5 0.365625 0.72265625 0.140625 0.15546875
3 0.675 0.51875 0.11953125 0.0546875
5 0.18359375 0.4984375 0.0921875 0.08984375
6 0.60234375 0.4515625 0.0703125 0.10234375
2 0.11953125 0.7515625 0.18203125 0.23828125