1 0.7109375 0.49140625 0.115625 0.19609375
1 0.1375 0.6171875 0.16484375 0.21796875
1 0.73984375 0.425 0.09765625 0.15
6 0.34453125 0.51015625 0.1203125 0.14765625
6 0.8734375 0.809375 0.20234375 0.24296875
5 0.45625 0.51171875 0.096875 0.12890625
5 0.51875 0.4640625 0.08515625 0.109375
3 0.24140625 0.59765625 0.11015625 0.11484375
1 0.6390625 0.703125 0.1609375 0.23984375
5 0.328125 0.66640625 0.11875 0.190625
3 0.41328125 0.48203125 0.07265625 0.071875
3 0.69140625 0.65703125 0.1046875 0.12734375