2 0.1609375 0.72890625 0.175 0.2078125
6 0.49921875 0.49453125 0.09375 0.10078125
1 0.3078125 0.52890625 0.11953125 0.17421875
1 0.11875 0.48046875 0.12578125 0.14765625
1 0.56953125 0.51875 0.0875 0.14609375
1 0.83515625 0.58359375 0.13828125 0.203125
2 0.39765625 0.70390625 0.1921875 0.18671875
3 0.1453125 0.6171875 0.11796875 0.0796875
6 0.34375 0.42421875 0.0734375 0.07734375
5 0.7265625 0.528125 0.1265625 0.134375
6 0.68515625 0.6671875 0.15078125 0.16953125
2 0.61796875 0.4921875 0.0734375 0.08671875
5 0.259375 0.40546875 0.0796875 0.096875
2 0.26328125 0.5 0.1546875 0.128125