5 0.1859375 0.5484375 0.1359375 0.1359375
2 0.2953125 0.615625 0.16640625 0.21328125
6 0.2859375 0.50078125 0.13359375 0.14609375
1 0.4359375 0.478125 0.10234375 0.19296875
5 0.50390625 0.4703125 0.08203125 0.12109375
1 0.39921875 0.384375 0.09921875 0.17890625
2 0.478125 0.40625 0.06484375 0.08125
1 0.5671875 0.39453125 0.075 0.12265625
3 0.85078125 0.453125 0.1046875 0.071875
6 0.72578125 0.49296875 0.15390625 0.1421875
1 0.8734375 0.475 0.1171875 0.125
2 0.71171875 0.5640625 0.14453125 0.15234375
2 0.9 0.59609375 0.1703125 0.15625
2 0.61953125 0.68359375 0.1890625 0.23984375
1 0.8484375 0.659375 0.15859375 0.209375