5 0.13984375 0.55859375 0.140625 0.140625
2 0.23671875 0.63125 0.14140625 0.159375
2 0.2734375 0.49765625 0.1515625 0.11484375
1 0.40703125 0.478125 0.1171875 0.1390625
5 0.46953125 0.38671875 0.10859375 0.08359375
2 0.58203125 0.3921875 0.11484375 0.10390625
5 0.8609375 0.3859375 0.1296875 0.09453125
6 0.7140625 0.446875 0.15859375 0.13046875
2 0.88125 0.45625 0.13828125 0.11484375
3 0.68515625 0.5453125 0.14140625 0.10625
2 0.86796875 0.54296875 0.165625 0.1546875
1 0.62421875 0.609375 0.15859375 0.196875
5 0.7984375 0.6703125 0.340625 0.203125