1 0.2859375 0.82421875 0.1578125 0.21484375
1 0.246875 0.70078125 0.10703125 0.2234375
6 0.32890625 0.709375 0.0734375 0.1234375
2 0.30546875 0.63671875 0.06796875 0.11953125
2 0.3671875 0.63125 0.07265625 0.10078125
6 0.44765625 0.6546875 0.065625 0.103125
5 0.48671875 0.67734375 0.0703125 0.0890625
2 0.5953125 0.68671875 0.10546875 0.08984375
3 0.56875 0.75390625 0.0921875 0.06953125
5 0.684375 0.77890625 0.11875 0.15703125
1 0.7734375 0.73828125 0.0828125 0.21015625
2 0.46484375 0.82109375 0.11796875 0.18828125
3 0.39140625 0.76171875 0.10390625 0.125