6 0.334375 0.6765625 0.1765625 0.24375
6 0.46640625 0.6109375 0.17109375 0.2390625
5 0.17578125 0.56484375 0.121875 0.196875
5 0.28984375 0.51796875 0.0953125 0.159375
5 0.225 0.45703125 0.09296875 0.13125
5 0.0984375 0.4796875 0.07578125 0.165625
6 0.41796875 0.4296875 0.07890625 0.0984375
6 0.46953125 0.41796875 0.04921875 0.0953125
2 0.5890625 0.45234375 0.07265625 0.1046875
5 0.540625 0.37421875 0.0515625 0.08046875
5 0.70625 0.4109375 0.09453125 0.09296875
2 0.653125 0.5375 0.08984375 0.14140625
2 0.7265625 0.4984375 0.1 0.12265625
3 0.83359375 0.48046875 0.1140625 0.08984375
3 0.89140625 0.4375 0.0671875 0.08203125