5 0.0953125 0.6078125 0.1828125 0.2484375
6 0.22890625 0.48125 0.1328125 0.17734375
6 0.49921875 0.4328125 0.09140625 0.12421875
3 0.0734375 0.46015625 0.125 0.08125
6 0.18984375 0.40703125 0.07890625 0.12734375
5 0.3921875 0.41015625 0.06640625 0.1328125
5 0.465625 0.3875 0.05859375 0.0984375
1 0.565625 0.3828125 0.084375 0.16171875
1 0.61484375 0.3453125 0.0625 0.15546875
5 0.7078125 0.40078125 0.06171875 0.10703125
5 0.7515625 0.39140625 0.05 0.0953125
2 0.853125 0.45703125 0.10234375 0.121875
2 0.91640625 0.43203125 0.0921875 0.10546875