5 0.31484375 0.44296875 0.05390625 0.09453125
3 0.37890625 0.43984375 0.06953125 0.08984375
3 0.34921875 0.5671875 0.11875 0.10703125
1 0.19765625 0.56796875 0.1640625 0.2296875
3 0.38515625 0.6421875 0.17734375 0.08984375
6 0.228125 0.8296875 0.15625 0.2390625
3 0.428125 0.7765625 0.1765625 0.134375
5 0.47734375 0.5046875 0.090625 0.121875
5 0.55625 0.4765625 0.06171875 0.1296875
1 0.55859375 0.559375 0.08984375 0.1359375
6 0.6859375 0.54609375 0.1140625 0.2109375
3 0.65625 0.70078125 0.1203125 0.13046875
3 0.790625 0.66953125 0.1859375 0.1890625