1 0.04921875 0.6015625 0.09765625 0.28203125
1 0.5734375 0.534375 0.109375 0.2
1 0.846875 0.55078125 0.09765625 0.19453125
3 0.075 0.87734375 0.15 0.18359375
3 0.1921875 0.72421875 0.14609375 0.128125
3 0.3875 0.75703125 0.18203125 0.153125
3 0.7078125 0.63828125 0.10390625 0.0875
3 0.86171875 0.7203125 0.1453125 0.1625
5 0.2625 0.640625 0.0984375 0.15234375
5 0.4609375 0.65234375 0.12421875 0.1390625
5 0.4734375 0.5828125 0.078125 0.10234375
5 0.55078125 0.79921875 0.17109375 0.26640625
2 0.73671875 0.59140625 0.11640625 0.11015625
2 0.396875 0.5703125 0.07734375 0.125