5 0.26015625 0.734375 0.13515625 0.19453125
5 0.40078125 0.69609375 0.09921875 0.21328125
5 0.77734375 0.66015625 0.09140625 0.14609375
5 0.465625 0.45859375 0.053125 0.09375
5 0.2375 0.52890625 0.10390625 0.1109375
6 0.25859375 0.609375 0.103125 0.146875
1 0.3421875 0.51015625 0.096875 0.13515625
2 0.40703125 0.4453125 0.053125 0.06171875
2 0.59765625 0.51640625 0.08046875 0.09609375
2 0.67265625 0.6734375 0.14375 0.159375
3 0.58125 0.60234375 0.10703125 0.08984375
6 0.51484375 0.52421875 0.0890625 0.11171875
3 0.38359375 0.625 0.11875 0.09921875