6 0.11953125 0.66953125 0.20859375 0.171875
5 0.2953125 0.68828125 0.22421875 0.17578125
5 0.2171875 0.56875 0.15078125 0.14375
6 0.38046875 0.5625 0.16953125 0.14140625
5 0.2953125 0.47265625 0.10625 0.14765625
6 0.36171875 0.4421875 0.09140625 0.1046875
2 0.46875 0.42734375 0.0796875 0.11171875
3 0.6640625 0.52109375 0.09453125 0.084375
1 0.70390625 0.5359375 0.13203125 0.1625
2 0.809375 0.5140625 0.08125 0.10234375
6 0.90078125 0.6078125 0.16875 0.1546875
2 0.71484375 0.7234375 0.11953125 0.228125
3 0.91875 0.7640625 0.1625 0.1640625