6 0.63359375 0.665625 0.10234375 0.15703125
1 0.36953125 0.64453125 0.10078125 0.19140625
6 0.60703125 0.56640625 0.0765625 0.08671875
5 0.1859375 0.80234375 0.153125 0.19375
1 0.28984375 0.5578125 0.0828125 0.08359375
3 0.7859375 0.68515625 0.12421875 0.06875
3 0.3984375 0.83125 0.16640625 0.11796875
1 0.903125 0.70625 0.09921875 0.1515625
3 0.69609375 0.62109375 0.08203125 0.059375
5 0.54609375 0.59609375 0.0796875 0.10703125
2 0.784375 0.79453125 0.1578125 0.1578125
1 0.49921875 0.56484375 0.0796875 0.07890625
2 0.23515625 0.70625 0.084375 0.13046875