1 0.346875 0.4546875 0.103125 0.10625
3 0.2484375 0.4859375 0.09609375 0.0671875
6 0.196875 0.5140625 0.103125 0.12421875
5 0.1984375 0.6 0.18046875 0.15546875
2 0.18203125 0.71796875 0.1859375 0.20859375
5 0.38984375 0.70625 0.16328125 0.1796875
5 0.53359375 0.4640625 0.09609375 0.1046875
2 0.58359375 0.50234375 0.0828125 0.10078125
2 0.69921875 0.4984375 0.115625 0.09765625
6 0.6671875 0.58125 0.128125 0.13515625
2 0.91640625 0.68984375 0.15546875 0.17734375
6 0.75859375 0.68828125 0.13359375 0.19921875