2 0.23046875 0.87734375 0.16875 0.1515625
2 0.4171875 0.8796875 0.14609375 0.18125
1 0.26953125 0.68671875 0.08359375 0.2
3 0.36171875 0.6875 0.08828125 0.06171875
2 0.35859375 0.6046875 0.0984375 0.09375
2 0.253125 0.60234375 0.0703125 0.0734375
3 0.68515625 0.8453125 0.10390625 0.090625
6 0.590625 0.71171875 0.0921875 0.15234375
2 0.70625 0.72109375 0.109375 0.11875
2 0.63046875 0.64609375 0.08515625 0.10234375
6 0.5296875 0.64921875 0.075 0.10390625
1 0.48828125 0.57109375 0.08359375 0.13671875