1 0.26953125 0.6171875 0.16953125 0.315625
1 0.5953125 0.740625 0.18359375 0.2984375
1 0.83359375 0.53125 0.13046875 0.20078125
6 0.8109375 0.82109375 0.16171875 0.28046875
6 0.38125 0.63046875 0.11875 0.1859375
6 0.5234375 0.49921875 0.07890625 0.13046875
2 0.8078125 0.6890625 0.18046875 0.19375
2 0.678125 0.56875 0.1328125 0.15234375
2 0.46015625 0.54609375 0.10703125 0.16953125
2 0.4046875 0.48359375 0.07734375 0.125
5 0.2328125 0.57421875 0.1265625 0.1890625
5 0.70625 0.49921875 0.08203125 0.11015625
3 0.31875 0.54140625 0.10234375 0.08359375
3 0.68515625 0.6984375 0.11484375 0.13046875
2 0.0953125 0.68046875 0.18984375 0.27734375