1 0.7109375 0.809375 0.12109375 0.17890625
6 0.90625 0.834375 0.175 0.17890625
1 0.34765625 0.8109375 0.16640625 0.24921875
1 0.64296875 0.63046875 0.09140625 0.14375
3 0.6125 0.76171875 0.14140625 0.10390625
2 0.1265625 0.890625 0.20234375 0.19453125
2 0.534375 0.67578125 0.09375 0.121875
2 0.1484375 0.7609375 0.178125 0.15859375
3 0.5765625 0.63984375 0.07734375 0.06328125
3 0.14609375 0.7078125 0.1453125 0.09140625
2 0.74765625 0.74453125 0.13359375 0.128125
5 0.47265625 0.6203125 0.07890625 0.10625