6 0.11796875 0.76171875 0.17578125 0.2390625
5 0.3796875 0.7078125 0.15234375 0.1484375
2 0.34921875 0.60234375 0.11640625 0.14140625
6 0.3203125 0.52109375 0.11328125 0.10625
5 0.18671875 0.496875 0.1296875 0.109375
6 0.24140625 0.46953125 0.08515625 0.0859375
2 0.346875 0.4546875 0.1328125 0.09609375
2 0.7421875 0.7 0.16328125 0.190625
3 0.903125 0.69453125 0.1546875 0.115625
1 0.6359375 0.5421875 0.125 0.19765625
6 0.803125 0.5640625 0.16015625 0.13828125
2 0.68984375 0.4890625 0.11875 0.08984375
3 0.55390625 0.5203125 0.090625 0.07265625
2 0.60078125 0.44453125 0.10859375 0.090625