1 0.16328125 0.38515625 0.09609375 0.1828125
5 0.12265625 0.525 0.17109375 0.18046875
3 0.2265625 0.484375 0.10625 0.08828125
5 0.32421875 0.41484375 0.059375 0.09609375
5 0.41640625 0.4203125 0.0640625 0.12421875
3 0.4609375 0.4046875 0.075 0.10625
1 0.6484375 0.3515625 0.0890625 0.10859375
5 0.7234375 0.36328125 0.07109375 0.10703125
2 0.69296875 0.4484375 0.10390625 0.12578125
2 0.7328125 0.51953125 0.14921875 0.14296875
3 0.8328125 0.4609375 0.1046875 0.10859375
6 0.9265625 0.5171875 0.146875 0.171875