6 0.08828125 0.665625 0.1765625 0.18125
6 0.25234375 0.5484375 0.140625 0.1375
5 0.4015625 0.55078125 0.11015625 0.1296875
3 0.2953125 0.490625 0.12890625 0.09453125
5 0.4890625 0.41484375 0.0796875 0.12734375
5 0.38046875 0.43046875 0.090625 0.08828125
1 0.66640625 0.43359375 0.13359375 0.15859375
5 0.7703125 0.40625 0.1015625 0.1421875
3 0.8125 0.50703125 0.128125 0.09140625
6 0.8796875 0.5765625 0.15078125 0.1546875
5 0.71796875 0.69375 0.19296875 0.24375
5 0.928125 0.68671875 0.14375 0.1890625