2 0.33203125 0.696875 0.14375 0.14296875
2 0.1875 0.72734375 0.13359375 0.17578125
2 0.7203125 0.6421875 0.10625 0.15078125
5 0.64921875 0.6828125 0.125 0.18828125
5 0.84765625 0.61328125 0.1 0.17265625
5 0.103125 0.64765625 0.125 0.16640625
6 0.16015625 0.58203125 0.08828125 0.12109375
6 0.6125 0.55625 0.0515625 0.07890625
1 0.5359375 0.5265625 0.0578125 0.1015625
1 0.57421875 0.53125 0.07109375 0.15859375
1 0.8625 0.51953125 0.053125 0.11875
1 0.390625 0.57578125 0.0578125 0.10078125
3 0.04765625 0.6453125 0.084375 0.0765625