6 0.07734375 0.48203125 0.1171875 0.17265625
6 0.1265625 0.57109375 0.1171875 0.1953125
6 0.21640625 0.48125 0.11328125 0.13515625
5 0.19609375 0.6421875 0.15703125 0.21484375
5 0.37109375 0.59375 0.1296875 0.23046875
1 0.36328125 0.378125 0.0875 0.10859375
3 0.3984375 0.45859375 0.0859375 0.07421875
5 0.47734375 0.50234375 0.084375 0.1640625
3 0.54296875 0.4828125 0.07421875 0.078125
1 0.6015625 0.490625 0.0984375 0.153125
1 0.653125 0.4796875 0.0578125 0.14453125
3 0.6921875 0.44921875 0.05078125 0.08203125
5 0.7234375 0.4203125 0.05859375 0.09296875
1 0.57890625 0.3875 0.078125 0.1125
1 0.6015625 0.3859375 0.046875 0.11875
5 0.5265625 0.3984375 0.04140625 0.07109375
3 0.50078125 0.4140625 0.0625 0.06484375
2 0.81015625 0.45859375 0.15234375 0.1703125
2 0.84296875 0.446875 0.08671875 0.134375