3 0.1296875 0.4890625 0.14296875 0.09609375
3 0.16328125 0.56484375 0.11640625 0.11640625
5 0.3015625 0.5015625 0.08203125 0.140625
5 0.4265625 0.4625 0.05859375 0.103125
1 0.52109375 0.40859375 0.04921875 0.10390625
1 0.6265625 0.38359375 0.04765625 0.09375
6 0.5671875 0.51171875 0.0859375 0.17109375
5 0.49375 0.46171875 0.06328125 0.103125
5 0.45234375 0.6375 0.165625 0.2390625
3 0.6109375 0.4546875 0.06953125 0.05703125
3 0.6359375 0.48515625 0.06328125 0.08671875
2 0.846875 0.4890625 0.08671875 0.125
2 0.89140625 0.46015625 0.07734375 0.11328125
3 0.571875 0.43671875 0.05234375 0.05390625