5 0.90078125 0.61171875 0.0625 0.121875
3 0.76171875 0.58984375 0.090625 0.06015625
1 0.2921875 0.68125 0.11171875 0.2109375
1 0.04609375 0.5671875 0.09140625 0.1765625
1 0.15703125 0.70625 0.12578125 0.2453125
1 0.1890625 0.60078125 0.11484375 0.18203125
6 0.3953125 0.6234375 0.0875 0.1375
2 0.49375 0.66953125 0.1 0.26015625
5 0.58046875 0.609375 0.0671875 0.128125
5 0.62421875 0.7734375 0.128125 0.3109375
6 0.73359375 0.6703125 0.0875 0.1484375
3 0.6515625 0.57109375 0.0484375 0.0515625
2 0.60625 0.5734375 0.04453125 0.0796875