1 0.2109375 0.56640625 0.109375 0.1171875
2 0.27734375 0.6859375 0.1296875 0.140625
6 0.31484375 0.53671875 0.10390625 0.14375
3 0.40390625 0.578125 0.084375 0.08046875
5 0.41328125 0.478125 0.0515625 0.09765625
1 0.4796875 0.42265625 0.059375 0.109375
3 0.534375 0.4796875 0.05234375 0.05546875
5 0.6671875 0.51171875 0.06328125 0.140625
5 0.7640625 0.47890625 0.096875 0.1078125
6 0.7265625 0.63046875 0.12421875 0.1609375
6 0.52578125 0.725 0.10859375 0.1625
3 0.66640625 0.76484375 0.12421875 0.13046875