2 0.07109375 0.459375 0.1125 0.13671875
2 0.15703125 0.4921875 0.09921875 0.13515625
1 0.259375 0.49453125 0.11484375 0.19453125
5 0.19765625 0.3953125 0.109375 0.1171875
2 0.36171875 0.553125 0.13359375 0.16875
1 0.509375 0.4546875 0.1109375 0.23203125
6 0.3453125 0.403125 0.090625 0.0953125
3 0.2921875 0.3984375 0.096875 0.07421875
1 0.4625 0.41015625 0.07578125 0.11484375
6 0.3953125 0.4640625 0.0953125 0.12578125
5 0.74609375 0.5515625 0.15 0.18671875
1 0.91484375 0.5171875 0.1703125 0.275
6 0.76875 0.45546875 0.10859375 0.09921875
3 0.7625 0.51640625 0.13125 0.1234375
1 0.77109375 0.39921875 0.11953125 0.11796875
5 0.8609375 0.45234375 0.096875 0.10625