1 0.109375 0.38125 0.11171875 0.19921875
3 0.07265625 0.4140625 0.0640625 0.09375
2 0.18984375 0.384375 0.07265625 0.134375
1 0.28515625 0.40390625 0.1078125 0.27890625
5 0.259375 0.64921875 0.11953125 0.253125
5 0.40390625 0.4 0.0796875 0.11875
5 0.46953125 0.39296875 0.0671875 0.10859375
1 0.52734375 0.3234375 0.053125 0.12578125
3 0.5796875 0.34921875 0.06015625 0.075
6 0.53359375 0.44296875 0.08671875 0.12734375
6 0.59296875 0.42734375 0.07578125 0.1296875
1 0.64375 0.3203125 0.04921875 0.11015625
1 0.6640625 0.471875 0.0546875 0.21484375
1 0.709375 0.41796875 0.0765625 0.2109375
5 0.753125 0.38515625 0.03828125 0.1
2 0.83515625 0.48203125 0.0875 0.18359375
2 0.89453125 0.4375 0.08515625 0.0890625