1 0.23125 0.584375 0.18359375 0.39140625
5 0.12265625 0.50078125 0.08984375 0.12890625
2 0.23828125 0.471875 0.09765625 0.12109375
2 0.50625 0.4796875 0.08359375 0.159375
2 0.52421875 0.434375 0.06328125 0.09609375
3 0.61171875 0.48046875 0.0953125 0.09375
3 0.86875 0.509375 0.0953125 0.1359375
3 0.93046875 0.47265625 0.096875 0.08671875
3 0.68828125 0.4171875 0.07734375 0.07578125
3 0.5609375 0.4109375 0.06015625 0.0578125
3 0.0828125 0.484375 0.0890625 0.0875
6 0.2 0.4390625 0.07578125 0.109375