3 0.353125 0.58359375 0.134375 0.090625
5 0.20390625 0.51953125 0.1140625 0.14296875
5 0.8265625 0.6421875 0.13046875 0.15859375
6 0.346875 0.484375 0.11015625 0.109375
6 0.71015625 0.48671875 0.09921875 0.09765625
2 0.128125 0.684375 0.16171875 0.20703125
6 0.4640625 0.39140625 0.06796875 0.08046875
1 0.66015625 0.6421875 0.19375 0.1859375
3 0.328125 0.72265625 0.1828125 0.11640625
5 0.62578125 0.53515625 0.07890625 0.125
5 0.39375 0.375 0.0671875 0.084375
1 0.215625 0.42265625 0.1234375 0.15703125
3 0.575 0.49609375 0.10859375 0.08046875