3 0.13046875 0.571875 0.1109375 0.0921875
3 0.08828125 0.509375 0.1296875 0.090625
3 0.57109375 0.4421875 0.0765625 0.0734375
5 0.3359375 0.69765625 0.278125 0.29609375
5 0.41953125 0.49296875 0.07421875 0.14453125
5 0.4984375 0.46875 0.0703125 0.11640625
5 0.74296875 0.471875 0.0625 0.1109375
5 0.79296875 0.4578125 0.05546875 0.0921875
1 0.63515625 0.46875 0.08203125 0.18671875
1 0.63671875 0.3921875 0.053125 0.121875
6 0.240625 0.49296875 0.08828125 0.13671875
6 0.5640625 0.528125 0.09375 0.14140625
2 0.96875 0.5046875 0.0625 0.1