3 0.31875 0.54765625 0.15390625 0.090625
2 0.36171875 0.68359375 0.1984375 0.20390625
2 0.7421875 0.63515625 0.1515625 0.18984375
1 0.64609375 0.45234375 0.13515625 0.178125
3 0.78984375 0.521875 0.15625 0.1125
1 0.27578125 0.4234375 0.10546875 0.14375
2 0.5 0.37109375 0.10390625 0.13203125
3 0.10078125 0.73671875 0.2015625 0.19140625
3 0.54921875 0.45078125 0.10078125 0.0921875
3 0.16171875 0.41796875 0.128125 0.0703125
5 0.14609375 0.54609375 0.17890625 0.17734375
6 0.921875 0.61484375 0.15234375 0.20234375
3 0.15078125 0.4609375 0.1375 0.07109375