1 0.67109375 0.5078125 0.09453125 0.12265625
1 0.51171875 0.42109375 0.0640625 0.09140625
6 0.6421875 0.64375 0.10234375 0.15390625
3 0.584375 0.56640625 0.0796875 0.0671875
1 0.378125 0.446875 0.065625 0.06875
5 0.5203125 0.47421875 0.05078125 0.0859375
5 0.28515625 0.571875 0.103125 0.1203125
5 0.59140625 0.4796875 0.05546875 0.0765625
6 0.415625 0.68359375 0.11640625 0.19140625
5 0.365625 0.50078125 0.05859375 0.08125
6 0.76484375 0.634375 0.12109375 0.14375
2 0.24609375 0.72421875 0.1359375 0.18671875
3 0.27421875 0.52734375 0.0890625 0.0671875