5 0.3265625 0.8703125 0.1453125 0.184375
1 0.54375 0.6421875 0.09765625 0.14609375
6 0.903125 0.8578125 0.16171875 0.1953125
6 0.16875 0.70234375 0.13359375 0.1328125
2 0.775 0.75390625 0.128125 0.13046875
1 0.0984375 0.86875 0.1796875 0.22109375
1 0.51015625 0.59765625 0.0921875 0.134375
3 0.19765625 0.80234375 0.1171875 0.09609375
1 0.70859375 0.8359375 0.1234375 0.1796875
6 0.62109375 0.77734375 0.125 0.10546875
2 0.30859375 0.63984375 0.10078125 0.0890625
2 0.61171875 0.63359375 0.0703125 0.08984375
5 0.30078125 0.696875 0.1234375 0.125