5 0.171875 0.7296875 0.10546875 0.17734375
1 0.15390625 0.55703125 0.140625 0.19765625
2 0.2890625 0.4265625 0.071875 0.09296875
6 0.37265625 0.44609375 0.0734375 0.065625
5 0.45078125 0.45625 0.06875 0.08359375
2 0.33671875 0.61484375 0.11484375 0.140625
6 0.3796875 0.72578125 0.14609375 0.19140625
5 0.525 0.5140625 0.10546875 0.09921875
6 0.6296875 0.515625 0.11328125 0.08984375
3 0.61484375 0.5953125 0.121875 0.06953125
2 0.71875 0.6828125 0.15390625 0.1703125
3 0.87734375 0.690625 0.159375 0.1