1 0.1390625 0.4890625 0.140625 0.1765625
5 0.3546875 0.43515625 0.0984375 0.13515625
5 0.3375 0.5859375 0.125 0.12734375
1 0.3734375 0.70234375 0.2078125 0.18203125
2 0.19609375 0.7359375 0.16171875 0.2296875
2 0.19609375 0.596875 0.12109375 0.2
1 0.5140625 0.50546875 0.10859375 0.14921875
1 0.53671875 0.42109375 0.134375 0.128125
3 0.63984375 0.50234375 0.1140625 0.08203125
3 0.61484375 0.5734375 0.18828125 0.08046875
6 0.7234375 0.68984375 0.17578125 0.21875
3 0.89921875 0.67265625 0.2015625 0.1578125