5 0.1125 0.52890625 0.12578125 0.14453125
5 0.225 0.59765625 0.12890625 0.1203125
1 0.3546875 0.49296875 0.1015625 0.11328125
6 0.35078125 0.4078125 0.1203125 0.1109375
5 0.45859375 0.434375 0.08671875 0.09921875
6 0.5421875 0.39609375 0.08046875 0.09296875
5 0.73046875 0.41171875 0.11640625 0.08828125
5 0.7125 0.45 0.0796875 0.10625
1 0.8359375 0.45390625 0.1265625 0.13203125
2 0.62578125 0.55078125 0.13515625 0.121875
2 0.71484375 0.709375 0.1578125 0.1765625
6 0.51796875 0.6484375 0.13046875 0.1859375