1 0.19921875 0.56953125 0.10390625 0.12265625
2 0.26015625 0.684375 0.12890625 0.165625
6 0.3046875 0.54609375 0.11328125 0.12578125
3 0.4 0.58828125 0.10234375 0.09765625
5 0.41015625 0.47734375 0.0578125 0.11328125
5 0.4625 0.49609375 0.075 0.0890625
1 0.47421875 0.41875 0.06796875 0.09609375
3 0.53203125 0.48203125 0.0609375 0.0609375
5 0.66796875 0.51171875 0.07734375 0.121875
2 0.75078125 0.546875 0.078125 0.11953125
6 0.7234375 0.6328125 0.1171875 0.16796875
3 0.6578125 0.76796875 0.12109375 0.1125
6 0.50859375 0.72265625 0.11875 0.1515625