2 0.40078125 0.76796875 0.12890625 0.16015625
2 0.234375 0.7734375 0.14296875 0.16796875
3 0.24921875 0.6734375 0.12109375 0.1
1 0.37578125 0.57734375 0.0953125 0.18203125
2 0.26484375 0.53671875 0.06484375 0.14453125
2 0.3046875 0.5 0.0515625 0.08515625
2 0.38515625 0.48828125 0.06015625 0.078125
6 0.5796875 0.48671875 0.06015625 0.0921875
2 0.5390625 0.51640625 0.071875 0.11875
2 0.6296875 0.521875 0.078125 0.096875
6 0.60546875 0.60859375 0.10390625 0.1390625
2 0.7125 0.5875 0.10390625 0.121875
6 0.66640625 0.70625 0.11796875 0.1921875
1 0.8015625 0.66953125 0.11171875 0.23359375