1 0.23203125 0.484375 0.09375 0.14609375
3 0.365625 0.55625 0.1109375 0.07421875
2 0.35625 0.48515625 0.11953125 0.09140625
6 0.3890625 0.61015625 0.14140625 0.12421875
2 0.20546875 0.7234375 0.1875 0.16015625
2 0.5453125 0.51484375 0.08984375 0.09765625
3 0.58828125 0.49609375 0.05546875 0.07265625
1 0.634375 0.478125 0.08671875 0.11171875
5 0.62421875 0.58125 0.10703125 0.1390625
6 0.73359375 0.57890625 0.12578125 0.1125
1 0.8484375 0.62421875 0.15234375 0.17421875
3 0.69453125 0.68515625 0.178125 0.1125