1 0.5578125 0.534375 0.12578125 0.2078125
6 0.30546875 0.55625 0.13828125 0.17265625
1 0.71015625 0.3015625 0.08828125 0.11875
6 0.3703125 0.44296875 0.11953125 0.1265625
5 0.6265625 0.3578125 0.071875 0.11484375
3 0.48984375 0.33125 0.0671875 0.05859375
5 0.20859375 0.48359375 0.1109375 0.1640625
6 0.73671875 0.4921875 0.13125 0.15546875
5 0.353125 0.328125 0.0625 0.103125
3 0.6125 0.49453125 0.10234375 0.0890625
3 0.40390625 0.3234375 0.05234375 0.05703125
5 0.73203125 0.38515625 0.0765625 0.10390625