2 0.29609375 0.4140625 0.059375 0.0953125
2 0.2765625 0.49609375 0.1046875 0.115625
5 0.15234375 0.51640625 0.13828125 0.10859375
3 0.15390625 0.6125 0.15859375 0.0828125
5 0.3375 0.56640625 0.11875 0.1296875
3 0.17265625 0.7859375 0.23671875 0.11484375
3 0.39140625 0.72265625 0.21171875 0.109375
3 0.72890625 0.684375 0.1625 0.109375
6 0.88046875 0.6515625 0.16171875 0.175
1 0.5921875 0.5109375 0.103125 0.14921875
2 0.5234375 0.49921875 0.08046875 0.1078125
5 0.6484375 0.484375 0.05234375 0.08515625
3 0.46484375 0.4625 0.07734375 0.05625