3 0.10859375 0.59375 0.1359375 0.12734375
5 0.40546875 0.5109375 0.07734375 0.14375
5 0.48671875 0.4859375 0.08203125 0.1125
1 0.60859375 0.48359375 0.08203125 0.1828125
1 0.62109375 0.41015625 0.0578125 0.12421875
3 0.55390625 0.45859375 0.07109375 0.0703125
5 0.73359375 0.49140625 0.059375 0.09765625
5 0.78203125 0.4796875 0.06484375 0.084375
2 0.8953125 0.55390625 0.0953125 0.125
2 0.95625 0.52421875 0.0875 0.10703125
6 0.54921875 0.54375 0.11484375 0.1390625
5 0.29453125 0.74453125 0.2078125 0.27421875
6 0.31328125 0.590625 0.13984375 0.2140625
6 0.22265625 0.52734375 0.09921875 0.15390625