1 0.1 0.57265625 0.0859375 0.20546875
1 0.2078125 0.71328125 0.1140625 0.2078125
1 0.3578125 0.69140625 0.11640625 0.20703125
1 0.4328125 0.596875 0.06484375 0.17734375
1 0.69296875 0.63203125 0.0796875 0.1359375
1 0.615625 0.5234375 0.03203125 0.084375
3 0.13203125 0.69765625 0.121875 0.11640625
5 0.26796875 0.6484375 0.10546875 0.13046875
3 0.38203125 0.60078125 0.0671875 0.0640625
3 0.69921875 0.7359375 0.1171875 0.1171875
3 0.83984375 0.6078125 0.0984375 0.06875
2 0.57109375 0.63359375 0.1078125 0.16328125
2 0.5984375 0.56015625 0.04921875 0.075
5 0.93828125 0.63046875 0.1078125 0.14140625