1 0.14921875 0.55 0.14921875 0.18515625
5 0.16796875 0.7390625 0.153125 0.20234375
3 0.6125 0.59140625 0.1234375 0.07578125
6 0.63125 0.5078125 0.10859375 0.09921875
2 0.40234375 0.72890625 0.16796875 0.2046875
2 0.34296875 0.59453125 0.125 0.1328125
5 0.5171875 0.52265625 0.10078125 0.11171875
5 0.4484375 0.46328125 0.08203125 0.1109375
6 0.3765625 0.4484375 0.08671875 0.0890625
2 0.275 0.528125 0.10703125 0.12421875
3 0.89375 0.70546875 0.1515625 0.1765625
3 0.71796875 0.71875 0.15234375 0.1703125