6 0.13515625 0.7203125 0.15703125 0.22421875
5 0.3828125 0.725 0.13984375 0.15234375
3 0.35234375 0.63828125 0.1234375 0.0921875
2 0.32421875 0.51796875 0.09609375 0.09140625
1 0.1640625 0.54921875 0.14140625 0.1859375
2 0.34375 0.47734375 0.09609375 0.09296875
6 0.51484375 0.4609375 0.08046875 0.1
3 0.55390625 0.534375 0.07265625 0.06953125
2 0.69609375 0.521875 0.07578125 0.0984375
1 0.61953125 0.5390625 0.096875 0.16640625
6 0.69375 0.66796875 0.10234375 0.1796875
6 0.90390625 0.69140625 0.1390625 0.16015625