5 0.10078125 0.621875 0.2015625 0.290625
3 0.06875 0.4703125 0.1375 0.08984375
6 0.22578125 0.48828125 0.1546875 0.1671875
5 0.3875 0.41953125 0.0734375 0.13984375
6 0.48828125 0.44921875 0.11796875 0.1453125
1 0.55546875 0.38359375 0.08046875 0.16015625
1 0.60859375 0.35390625 0.07734375 0.1484375
5 0.7484375 0.396875 0.05234375 0.0921875
5 0.70078125 0.3984375 0.06328125 0.07890625
2 0.91953125 0.4375 0.1078125 0.11484375
2 0.84609375 0.475 0.1078125 0.14296875
5 0.46171875 0.3953125 0.06171875 0.0953125