1 0.52265625 0.315625 0.09375 0.14453125
6 0.08359375 0.61015625 0.1671875 0.21015625
1 0.86875 0.31328125 0.11796875 0.1484375
1 0.35859375 0.33359375 0.096875 0.21796875
2 0.24609375 0.6609375 0.17890625 0.2296875
2 0.37109375 0.5140625 0.13671875 0.15625
3 0.6390625 0.73046875 0.15859375 0.16328125
2 0.44765625 0.41015625 0.109375 0.15234375
5 0.2390625 0.46640625 0.115625 0.1796875
6 0.70390625 0.4265625 0.128125 0.1796875
2 0.8578125 0.54765625 0.1640625 0.20703125
2 0.8796875 0.43359375 0.12265625 0.14453125
3 0.73515625 0.3625 0.08359375 0.08671875
6 0.846875 0.71484375 0.15234375 0.30625