3 0.11328125 0.5671875 0.1796875 0.115625
3 0.46015625 0.50625 0.1171875 0.08515625
3 0.6625 0.5375 0.10078125 0.08359375
5 0.3671875 0.53125 0.096875 0.19921875
6 0.540625 0.42265625 0.06171875 0.07578125
5 0.64765625 0.42421875 0.05546875 0.0765625
2 0.73125 0.48203125 0.0859375 0.096875
6 0.56796875 0.5625 0.11953125 0.1546875
6 0.796875 0.55 0.09375 0.1171875
2 0.81328125 0.4859375 0.09609375 0.0890625
5 0.784375 0.46171875 0.06171875 0.08984375
5 0.64765625 0.690625 0.1421875 0.29921875
5 0.48984375 0.6484375 0.12265625 0.2375
5 0.2234375 0.59765625 0.14296875 0.2515625