6 0.34921875 0.6328125 0.13828125 0.14375
6 0.1859375 0.81484375 0.1828125 0.25703125
2 0.29296875 0.5484375 0.11015625 0.11171875
6 0.7703125 0.57890625 0.14296875 0.13203125
5 0.2875 0.4515625 0.07109375 0.084375
1 0.5109375 0.515625 0.09140625 0.13046875
2 0.19609375 0.6265625 0.13046875 0.15390625
5 0.60625 0.5046875 0.0796875 0.09140625
3 0.61875 0.60703125 0.10390625 0.075
2 0.3703125 0.45859375 0.07890625 0.07734375
3 0.86953125 0.69765625 0.13359375 0.1
3 0.15078125 0.56640625 0.09453125 0.0859375
2 0.7421875 0.73046875 0.19140625 0.26875