5 0.0671875 0.59296875 0.10546875 0.1734375
3 0.2109375 0.59296875 0.125 0.08046875
6 0.25546875 0.53515625 0.07421875 0.084375
5 0.3109375 0.5015625 0.040625 0.05546875
5 0.328125 0.52578125 0.03515625 0.05859375
1 0.3640625 0.496875 0.03828125 0.084375
1 0.3609375 0.571875 0.078125 0.1765625
6 0.41640625 0.55625 0.06015625 0.07890625
5 0.43828125 0.634375 0.0890625 0.10703125
3 0.4921875 0.5859375 0.0796875 0.0765625
2 0.45546875 0.52109375 0.03828125 0.07734375
3 0.5015625 0.5375 0.05859375 0.07578125
1 0.684375 0.48203125 0.04140625 0.08203125
5 0.65859375 0.5234375 0.05234375 0.0734375
5 0.7171875 0.53359375 0.06015625 0.0890625
5 0.67578125 0.56171875 0.0703125 0.0671875
6 0.76796875 0.565625 0.06171875 0.1015625
5 0.7234375 0.634375 0.0984375 0.09609375
5 0.8359375 0.63203125 0.10625 0.11640625