1 0.4625 0.38671875 0.125 0.165625
5 0.428125 0.475 0.0765625 0.11953125
1 0.28671875 0.46484375 0.11484375 0.14375
3 0.41328125 0.559375 0.109375 0.09296875
5 0.184375 0.60859375 0.1328125 0.18515625
3 0.18671875 0.45703125 0.07578125 0.1171875
3 0.09296875 0.45390625 0.075 0.07578125
3 0.10234375 0.50859375 0.0734375 0.07421875
6 0.7265625 0.61796875 0.1234375 0.12421875
2 0.90390625 0.6078125 0.15 0.15703125
2 0.68828125 0.5078125 0.0921875 0.1359375
5 0.65 0.4546875 0.09921875 0.10390625
5 0.734375 0.428125 0.08125 0.10625