1 0.13359375 0.52890625 0.10703125 0.24140625
1 0.22265625 0.484375 0.09296875 0.18671875
1 0.61953125 0.45703125 0.04765625 0.096875
1 0.8453125 0.528125 0.06171875 0.14296875
3 0.2109375 0.70546875 0.1265625 0.11796875
3 0.34140625 0.66953125 0.1359375 0.109375
5 0.25078125 0.58515625 0.1203125 0.134375
5 0.07421875 0.5609375 0.0671875 0.11796875
2 0.4375 0.54765625 0.08671875 0.10625
6 0.50546875 0.5296875 0.0796875 0.11015625
5 0.62734375 0.51796875 0.0640625 0.0859375
6 0.68984375 0.49921875 0.05859375 0.09296875
5 0.57421875 0.54765625 0.07265625 0.1046875
3 0.54453125 0.6109375 0.14375 0.084375
6 0.6578125 0.6296875 0.11015625 0.1546875
5 0.7484375 0.6015625 0.1171875 0.1265625
2 0.74140625 0.53125 0.059375 0.08671875
2 0.79296875 0.51796875 0.0609375 0.0875
5 0.9265625 0.53671875 0.11015625 0.1015625