1 0.29375 0.51328125 0.075 0.11015625
1 0.534375 0.5125 0.0609375 0.159375
3 0.3953125 0.834375 0.1640625 0.17109375
3 0.371875 0.59296875 0.08046875 0.07734375
3 0.38125 0.546875 0.07421875 0.059375
3 0.6109375 0.66640625 0.11328125 0.103125
3 0.81953125 0.7734375 0.15 0.13828125
3 0.67734375 0.7765625 0.15078125 0.13359375
5 0.71796875 0.62109375 0.1234375 0.1375
5 0.621875 0.553125 0.0703125 0.0921875
6 0.5109375 0.50625 0.0515625 0.103125
6 0.259375 0.66328125 0.1546875 0.159375
5 0.37734375 0.64140625 0.08359375 0.11640625
5 0.24765625 0.778125 0.1359375 0.22421875