3 0.15234375 0.54453125 0.07421875 0.11328125
3 0.2265625 0.58828125 0.09296875 0.20546875
1 0.2375 0.46171875 0.084375 0.1296875
3 0.28984375 0.51484375 0.09765625 0.09140625
1 0.45859375 0.42109375 0.0703125 0.125
3 0.44296875 0.49765625 0.0796875 0.04140625
5 0.39453125 0.58203125 0.08828125 0.1359375
3 0.440625 0.53828125 0.0609375 0.06015625
5 0.50859375 0.50234375 0.05859375 0.08125
6 0.49296875 0.58203125 0.0828125 0.14375
5 0.6421875 0.4859375 0.05234375 0.08671875
3 0.67734375 0.4609375 0.04140625 0.075
1 0.7046875 0.4375 0.06484375 0.1359375
3 0.70703125 0.5296875 0.06796875 0.078125
2 0.76640625 0.503125 0.06640625 0.1015625
1 0.82734375 0.51171875 0.09140625 0.1984375
3 0.7671875 0.60625 0.11171875 0.11640625