2 0.10703125 0.61171875 0.2046875 0.1625
3 0.215625 0.7078125 0.178125 0.12890625
6 0.3734375 0.5984375 0.1609375 0.14921875
5 0.3828125 0.48203125 0.1140625 0.12265625
2 0.4703125 0.528125 0.071875 0.1109375
2 0.4734375 0.45625 0.10234375 0.09140625
2 0.565625 0.47578125 0.1 0.14375
1 0.70390625 0.51953125 0.1390625 0.14921875
5 0.63984375 0.62265625 0.1265625 0.12578125
1 0.54765625 0.7265625 0.1328125 0.20078125
1 0.82265625 0.6296875 0.18046875 0.18984375
2 0.7265625 0.8421875 0.165625 0.21171875