1 0.1265625 0.4625 0.071875 0.14609375
1 0.203125 0.48984375 0.096875 0.17109375
3 0.2359375 0.43828125 0.09296875 0.08984375
1 0.2953125 0.434375 0.08203125 0.1359375
1 0.3125 0.38671875 0.05546875 0.09765625
2 0.35859375 0.428125 0.05546875 0.0890625
5 0.28125 0.5421875 0.09140625 0.1125
6 0.3625 0.5640625 0.11171875 0.1296875
5 0.46796875 0.51171875 0.0859375 0.10546875
2 0.38671875 0.471875 0.08984375 0.10078125
5 0.5421875 0.46953125 0.08203125 0.09453125
2 0.46171875 0.4515625 0.07890625 0.084375
5 0.8375 0.628125 0.1546875 0.1546875
2 0.7140625 0.52734375 0.08984375 0.1078125
3 0.82265625 0.55234375 0.11640625 0.075
3 0.80390625 0.4671875 0.0953125 0.06875
3 0.7125 0.4671875 0.08203125 0.0578125
3 0.79296875 0.49453125 0.0875 0.071875