1 0.14921875 0.49140625 0.171875 0.17578125
6 0.25 0.50234375 0.0765625 0.0640625
2 0.34765625 0.4890625 0.0765625 0.075
1 0.3390625 0.57578125 0.128125 0.1796875
3 0.16328125 0.6703125 0.1375 0.08203125
6 0.13125 0.7875 0.1421875 0.19296875
2 0.37734375 0.78359375 0.190625 0.1765625
3 0.61171875 0.49609375 0.08203125 0.0640625
2 0.55546875 0.51328125 0.084375 0.10625
6 0.67265625 0.5203125 0.09375 0.10234375
6 0.64453125 0.60625 0.13359375 0.13046875
2 0.78359375 0.5875 0.1296875 0.128125
6 0.72265625 0.71484375 0.12890625 0.178125
1 0.90078125 0.6515625 0.1546875 0.196875