1 0.30546875 0.48515625 0.09140625 0.1421875
6 0.7828125 0.57734375 0.14453125 0.1328125
6 0.340625 0.60234375 0.14921875 0.1515625
1 0.2296875 0.4578125 0.08203125 0.09375
1 0.54140625 0.47421875 0.08828125 0.140625
3 0.7078125 0.71640625 0.14453125 0.10390625
3 0.65234375 0.60390625 0.14453125 0.07890625
5 0.8984375 0.67421875 0.15859375 0.14921875
3 0.67578125 0.5203125 0.11796875 0.05390625
5 0.365625 0.7234375 0.13984375 0.15234375
6 0.59921875 0.453125 0.0703125 0.09375
5 0.184375 0.49921875 0.09140625 0.09453125
5 0.17890625 0.6 0.15 0.14296875