1 0.27734375 0.646875 0.1125 0.20859375
5 0.328125 0.6046875 0.11875 0.14609375
2 0.4140625 0.6765625 0.1390625 0.16171875
3 0.446875 0.5578125 0.08359375 0.08203125
6 0.51640625 0.5703125 0.09375 0.12734375
1 0.68984375 0.47734375 0.04765625 0.11875
3 0.70078125 0.61328125 0.11171875 0.08203125
3 0.78984375 0.70234375 0.19765625 0.146875
2 0.84921875 0.63515625 0.12421875 0.18046875
2 0.7421875 0.54140625 0.071875 0.0921875
3 0.8046875 0.54140625 0.071875 0.0640625
2 0.9328125 0.57109375 0.1125 0.07734375