5 0.10703125 0.521875 0.1375 0.09921875
5 0.23125 0.56796875 0.17890625 0.08515625
2 0.50546875 0.6125 0.15390625 0.1546875
2 0.68671875 0.6765625 0.15703125 0.1875
1 0.3625 0.5046875 0.13046875 0.09375
6 0.35 0.43046875 0.1359375 0.084375
5 0.4640625 0.4609375 0.09765625 0.0734375
6 0.5484375 0.42578125 0.08125 0.08359375
5 0.71484375 0.4734375 0.10234375 0.07578125
1 0.85390625 0.47421875 0.14453125 0.1015625
5 0.73515625 0.428125 0.11328125 0.08203125
2 0.634375 0.5515625 0.13984375 0.11328125