2 0.34375 0.48359375 0.06875 0.11640625
5 0.2546875 0.50234375 0.11171875 0.11484375
5 0.39375 0.55703125 0.08515625 0.1296875
3 0.24921875 0.6109375 0.11484375 0.115625
3 0.42734375 0.72265625 0.159375 0.13125
3 0.26171875 0.78359375 0.20078125 0.16328125
3 0.67734375 0.678125 0.14140625 0.12578125
6 0.7890625 0.6375 0.10546875 0.1671875
5 0.609375 0.47578125 0.071875 0.084375
6 0.52421875 0.484375 0.065625 0.09453125
3 0.48359375 0.4546875 0.06796875 0.06640625
1 0.5796875 0.5109375 0.0734375 0.1703125