5 0.37421875 0.7140625 0.121875 0.23203125
5 0.36484375 0.440625 0.05625 0.0796875
1 0.19609375 0.7234375 0.18671875 0.2375
1 0.33515625 0.53046875 0.115625 0.1546875
1 0.75078125 0.59609375 0.1078125 0.2453125
2 0.63359375 0.67734375 0.1203125 0.18828125
6 0.19453125 0.53046875 0.0875 0.13984375
6 0.221875 0.62421875 0.109375 0.1703125
2 0.290625 0.5328125 0.078125 0.13046875
6 0.48671875 0.521875 0.08125 0.10703125
6 0.57421875 0.49921875 0.06015625 0.10703125
6 0.30234375 0.43515625 0.05625 0.0921875