2 0.4203125 0.78671875 0.14609375 0.19140625
2 0.2390625 0.8015625 0.17578125 0.23359375
2 0.3921875 0.4875 0.07109375 0.07421875
2 0.72109375 0.5890625 0.1125 0.13203125
2 0.5484375 0.5265625 0.07421875 0.1203125
1 0.3859375 0.584375 0.103125 0.19453125
1 0.2625 0.4875 0.10546875 0.17890625
1 0.8140625 0.67890625 0.13359375 0.21875
6 0.68515625 0.73671875 0.13515625 0.22578125
6 0.61796875 0.61640625 0.1203125 0.140625
6 0.6375 0.5328125 0.0828125 0.10703125
6 0.31796875 0.5140625 0.05625 0.0734375
6 0.5859375 0.48125 0.06015625 0.11171875