1 0.21875 0.8046875 0.1359375 0.23828125
1 0.50625 0.5921875 0.0734375 0.14609375
1 0.54921875 0.546875 0.05625 0.0984375
5 0.38671875 0.79375 0.1078125 0.17734375
5 0.3546875 0.71328125 0.07265625 0.14140625
5 0.5609375 0.6765625 0.0984375 0.1546875
5 0.3390625 0.6359375 0.0875 0.1171875
5 0.31953125 0.5875 0.05078125 0.0953125
6 0.23984375 0.64609375 0.08828125 0.1359375
6 0.67734375 0.8078125 0.10703125 0.190625
2 0.78359375 0.77421875 0.12109375 0.175
2 0.678125 0.69375 0.1046875 0.12578125
5 0.6046875 0.621875 0.0625 0.1
3 0.284375 0.746875 0.078125 0.0953125
3 0.475 0.60859375 0.05625 0.06875