1 0.08984375 0.5546875 0.16015625 0.1390625
5 0.23984375 0.62109375 0.140625 0.07421875
1 0.36875 0.5421875 0.13125 0.0890625
5 0.23125 0.5078125 0.10703125 0.09765625
6 0.33828125 0.4625 0.1234375 0.08828125
3 0.4296875 0.44453125 0.08984375 0.05625
2 0.69921875 0.50390625 0.11328125 0.075
2 0.84609375 0.51796875 0.146875 0.08203125
5 0.7203125 0.45234375 0.12109375 0.0734375
3 0.63203125 0.5875 0.17265625 0.0828125
2 0.51484375 0.6640625 0.1421875 0.15546875
2 0.73203125 0.71796875 0.14609375 0.15390625