6 0.16796875 0.821875 0.22265625 0.25390625
6 0.73671875 0.5734375 0.1359375 0.15
3 0.39609375 0.78359375 0.19296875 0.1484375
3 0.3265625 0.65 0.18359375 0.1125
3 0.278125 0.56484375 0.1390625 0.08125
3 0.34375 0.45859375 0.10859375 0.06484375
3 0.72109375 0.72109375 0.184375 0.15078125
1 0.13828125 0.584375 0.14375 0.25234375
1 0.57734375 0.575 0.11171875 0.178125
2 0.85234375 0.65859375 0.140625 0.15703125
5 0.25546875 0.4484375 0.07421875 0.0984375
5 0.48203125 0.51953125 0.10234375 0.1265625
5 0.58046875 0.50078125 0.08828125 0.09609375