5 0.20546875 0.5125 0.1046875 0.19375
5 0.30625 0.52578125 0.11875 0.22109375
5 0.40625 0.453125 0.0921875 0.14140625
5 0.4703125 0.42109375 0.08671875 0.10625
1 0.3890625 0.375 0.0875 0.08984375
1 0.81328125 0.45625 0.1203125 0.14140625
5 0.50859375 0.365625 0.06171875 0.0765625
2 0.56796875 0.36875 0.06328125 0.08125
2 0.81484375 0.62890625 0.196875 0.28984375
6 0.61796875 0.60078125 0.19453125 0.2546875
6 0.87421875 0.45078125 0.0859375 0.128125
6 0.73203125 0.440625 0.09375 0.121875
5 0.69296875 0.5 0.11015625 0.1703125