5 0.23125 0.45625 0.06953125 0.1171875
3 0.22890625 0.5609375 0.096875 0.09921875
3 0.13203125 0.553125 0.1171875 0.075
3 0.44609375 0.49765625 0.0765625 0.05859375
3 0.434375 0.5375 0.06640625 0.05234375
5 0.396875 0.57578125 0.0796875 0.115625
3 0.2921875 0.50703125 0.09453125 0.059375
6 0.48984375 0.57421875 0.0921875 0.13984375
1 0.45625 0.4359375 0.04296875 0.09140625
5 0.5078125 0.49453125 0.05234375 0.0546875
5 0.640625 0.47421875 0.0390625 0.0640625
1 0.70078125 0.446875 0.04453125 0.10078125
3 0.7015625 0.52265625 0.0734375 0.06015625
3 0.7609375 0.58984375 0.1171875 0.08046875
2 0.7625 0.50859375 0.06796875 0.0765625
1 0.815625 0.4984375 0.0921875 0.15625