5 0.240625 0.6921875 0.1140625 0.17734375
3 0.30078125 0.64609375 0.08515625 0.10390625
5 0.40234375 0.6171875 0.08984375 0.11640625
3 0.41640625 0.73515625 0.1265625 0.1078125
2 0.3796875 0.5515625 0.08515625 0.1046875
3 0.5171875 0.52734375 0.04609375 0.06171875
6 0.6015625 0.51796875 0.0578125 0.0796875
5 0.5515625 0.5390625 0.05625 0.11875
2 0.61171875 0.596875 0.08125 0.11875
3 0.65625 0.56640625 0.05859375 0.05546875
2 0.71953125 0.5953125 0.0875 0.134375
5 0.6953125 0.70078125 0.125 0.1703125
3 0.81640625 0.69921875 0.13359375 0.10703125