1 0.51328125 0.4921875 0.071875 0.15
3 0.79140625 0.67421875 0.1265625 0.08984375
1 0.653125 0.6359375 0.0890625 0.171875
3 0.58359375 0.6109375 0.0890625 0.08515625
5 0.39375 0.68515625 0.1109375 0.15703125
1 0.2296875 0.68515625 0.1328125 0.2078125
2 0.35078125 0.48984375 0.059375 0.0640625
3 0.69375 0.5953125 0.09453125 0.07265625
5 0.596875 0.5203125 0.059375 0.08671875
5 0.25390625 0.50234375 0.06171875 0.07734375
1 0.37109375 0.6125 0.121875 0.15390625
5 0.259375 0.60859375 0.1359375 0.20546875