2 0.4421875 0.5171875 0.08125 0.1421875
6 0.521875 0.5140625 0.071875 0.09140625
3 0.52578125 0.5921875 0.09921875 0.0796875
1 0.709375 0.53984375 0.0875 0.21171875
6 0.64296875 0.61015625 0.1078125 0.165625
2 0.19140625 0.60390625 0.078125 0.17578125
1 0.2515625 0.64140625 0.1046875 0.2015625
2 0.42421875 0.65625 0.08046875 0.1609375
6 0.5234375 0.75390625 0.14140625 0.209375
3 0.37109375 0.8296875 0.1296875 0.12421875
2 0.8 0.67265625 0.1 0.1796875
1 0.88203125 0.61640625 0.103125 0.18046875
3 0.2765625 0.54609375 0.07265625 0.0984375