2 0.24375 0.8046875 0.17578125 0.29296875
5 0.3921875 0.721875 0.11640625 0.21171875
1 0.3265625 0.5109375 0.09921875 0.16171875
1 0.453125 0.45546875 0.08359375 0.13515625
1 0.39375 0.4703125 0.0515625 0.05625
1 0.33125 0.40859375 0.07109375 0.12578125
6 0.66796875 0.68515625 0.121875 0.21796875
2 0.5765625 0.62265625 0.103125 0.0984375
2 0.58828125 0.521875 0.09140625 0.11484375
2 0.5078125 0.534375 0.071875 0.12109375
5 0.22421875 0.54921875 0.1 0.11484375
6 0.2453125 0.63359375 0.1015625 0.16796875