1 0.13046875 0.45546875 0.06953125 0.1671875
5 0.18046875 0.50546875 0.0703125 0.10390625
3 0.08984375 0.58046875 0.11640625 0.10546875
6 0.74609375 0.46171875 0.053125 0.07890625
1 0.209375 0.625 0.128125 0.365625
1 0.26640625 0.48359375 0.096875 0.26484375
1 0.365625 0.46796875 0.06015625 0.14453125
1 0.45078125 0.4375 0.04609375 0.08984375
1 0.61953125 0.5 0.06484375 0.21171875
5 0.88046875 0.48828125 0.08203125 0.09453125
5 0.834375 0.5265625 0.090625 0.13359375
2 0.6890625 0.46015625 0.06015625 0.0734375
5 0.54765625 0.42109375 0.04296875 0.0640625
3 0.40703125 0.46328125 0.04765625 0.0578125
6 0.46796875 0.51328125 0.0765625 0.1296875
5 0.5375 0.503125 0.05859375 0.1140625
3 0.625 0.46171875 0.07421875 0.0484375