6 0.1265625 0.746875 0.16171875 0.2125
6 0.34921875 0.5984375 0.12109375 0.1515625
1 0.19140625 0.46171875 0.09375 0.20078125
2 0.33828125 0.46171875 0.0875 0.07265625
6 0.31875 0.5203125 0.09765625 0.11640625
5 0.378125 0.70703125 0.13671875 0.1390625
2 0.74453125 0.68828125 0.12890625 0.1921875
3 0.90078125 0.6828125 0.14921875 0.10625
1 0.6421875 0.51953125 0.1109375 0.1890625
2 0.68984375 0.49375 0.08671875 0.090625
3 0.55703125 0.52109375 0.0796875 0.065625
2 0.60703125 0.4546875 0.09609375 0.0859375