3 0.421875 0.61640625 0.09453125 0.075
1 0.29296875 0.6859375 0.12890625 0.18359375
6 0.69765625 0.5828125 0.09609375 0.121875
5 0.3203125 0.51796875 0.0625 0.09296875
6 0.67109375 0.70234375 0.1125 0.14765625
3 0.77265625 0.69375 0.08828125 0.1078125
1 0.3390625 0.46640625 0.06171875 0.09453125
5 0.55234375 0.5125 0.06328125 0.0890625
5 0.40078125 0.53828125 0.06484375 0.08671875
2 0.44765625 0.73984375 0.1421875 0.17421875
2 0.62890625 0.52734375 0.06640625 0.084375
2 0.58515625 0.4859375 0.05859375 0.08359375