5 0.22734375 0.475 0.0734375 0.12890625
5 0.15078125 0.5421875 0.10703125 0.175
5 0.5921875 0.39453125 0.053125 0.06640625
1 0.746875 0.421875 0.04296875 0.1390625
5 0.2765625 0.53046875 0.08125 0.15625
6 0.21953125 0.66484375 0.203125 0.2625
6 0.3828125 0.60078125 0.1640625 0.26484375
6 0.44140625 0.44921875 0.0703125 0.10703125
6 0.51015625 0.43828125 0.08203125 0.11640625
6 0.60078125 0.47109375 0.08203125 0.1125
3 0.51953125 0.540625 0.1125 0.1515625
2 0.64375 0.56171875 0.13046875 0.1296875
2 0.73046875 0.53359375 0.1484375 0.13828125
5 0.7109375 0.4453125 0.06328125 0.09921875