6 0.1046875 0.6609375 0.16328125 0.16171875
6 0.596875 0.7734375 0.15390625 0.18515625
5 0.815625 0.659375 0.1625 0.16484375
3 0.78359375 0.81484375 0.159375 0.140625
5 0.5484375 0.46796875 0.075 0.10546875
5 0.38984375 0.5859375 0.10234375 0.14296875
5 0.465625 0.5234375 0.08828125 0.13125
2 0.2421875 0.7046875 0.165625 0.1875
2 0.2671875 0.56796875 0.125 0.1296875
5 0.36875 0.50234375 0.10625 0.15703125
6 0.69765625 0.5265625 0.1015625 0.171875
5 0.65078125 0.634375 0.140625 0.1515625
6 0.86171875 0.57734375 0.12890625 0.1890625