6 0.78984375 0.5875 0.121875 0.13828125
1 0.59609375 0.446875 0.084375 0.10703125
6 0.33984375 0.6203125 0.15078125 0.14453125
5 0.15625 0.73046875 0.16875 0.209375
5 0.55234375 0.503125 0.07890625 0.1046875
1 0.71328125 0.6515625 0.10546875 0.18125
3 0.63125 0.621875 0.09921875 0.0890625
5 0.65859375 0.5125 0.08203125 0.08984375
5 0.3109375 0.5296875 0.1 0.1046875
3 0.2375 0.503125 0.07734375 0.06171875
3 0.340625 0.4984375 0.10390625 0.0609375
5 0.18984375 0.5109375 0.0921875 0.0921875
2 0.39375 0.7625 0.17265625 0.21015625
5 0.18046875 0.61171875 0.15625 0.15546875
5 0.896875 0.68671875 0.20625 0.1921875