1 0.121875 0.43203125 0.07421875 0.1609375
1 0.203125 0.6171875 0.134375 0.38125
1 0.25390625 0.4625 0.10703125 0.25
1 0.35625 0.4703125 0.0734375 0.1875
1 0.45234375 0.4359375 0.06328125 0.14609375
1 0.62109375 0.5234375 0.08828125 0.2859375
5 0.86953125 0.48203125 0.08671875 0.103125
5 0.8171875 0.5015625 0.10546875 0.109375
5 0.52265625 0.4859375 0.075 0.11875
5 0.69375 0.4609375 0.08359375 0.09140625
5 0.54296875 0.4171875 0.05390625 0.06484375
6 0.46875 0.525 0.1109375 0.17734375
6 0.7515625 0.4609375 0.07421875 0.10703125
3 0.0796875 0.58203125 0.13046875 0.128125
5 0.17265625 0.50390625 0.09296875 0.12421875